7e
a0e2
2b2113239ae6e700
0f00000000
0c07e40c170311351eff800000
02
190a0e4b616d73747275705f563030303109060101000005ff0a1035373036353637
32383032313237333509060101600101ff0a1236383431313231424e32343331
303130343009060101f1fe06e0fedbfbffd2
7b29
7e
7e 
a0 e2 
2b 21 13 23 9a e6 e7 00 
0f 00 00 00 00 
0c 07 e4 0c 17 03 11 35 28 ff 80 00 00 02 19 0a 
0e 4b 61 6d 73 74 72 75 70 5f 56 30 30 30 31 09 06 01 01 00 00 05 ff 0a 10 35 37 30 36 35 36 37 
32 38 30 32 31 32 37 33 35 09 06 01 01 60 01 01 ff 0a 12 36 38 34 31 31 32 31 42 4e 32 34 33 31 
30 31 30 34 30 09 06 01 01 f1 fe 06 e0 ff fb fb d2 f8 db 7e 
7e a0 e2 2b 21 13 23 9a e6 e7 00 0f 00 00 00 00 0c 07 e4 0c 17 03 11 35 32 ff 80 00 00 02 19 0a 0e 4b 61 6d 73 74 72 75 70 5f 56 30 30 30 31
09 06 01 01 00 00 05 ff 0a 10 35 37 30 36 35 36 37 32 38 30 32 31 32 37 33 35 09 06 01 01 60 01
01 ff 0a 12 36 38 34 31 31 32 31 42 4e 32 34 33 31 30 31 30 34 30 09 06 01 01 f1 fe 06 c0 fe db
fb ff d2 f9 27 ff 7e a0 e2 2b 21 13 23 9a e6 e7 00 0f 00 00 00 00 0c 07 e4 0c 17 03 11 36 00 ff
80 00 00 02 19 0a 0e 4b 61 6d 73 74 72 75 70 5f 56 30 30 30 31 09 06 01 01 00 00 05 ff 0a 10 35
37 30 36 35 36 37 32 38 30 32 31 32 37 33 35 09 06 01 01 60 01 01 ff 0a 12 36 38 34 31 31 32 31
42 4e 32 34 33 31 30 31 30 34 30 09 06 01 01 f1 fe 06 e0 ff fe db fb ff 92 d9 fb ff 7e a0 e2 2b
21 13 23 9a e6 e7 00 0f 00 00 00 00 0c 07 e4 0c 17 03 11 36 0a ff 80 00 00 02 19 0a 0e 4b 61 6d
73 74 72 75 70 5f 56 30 30 30 31 09 06 01 01 00 00 05 ff 0a 10 35 37 30 36 35 36 37 32 38 30 32
31 32 37 33 35 09 06 01 01 60 01 01 ff 0a 12 36 38 34 31 31 32 31 42 4e 32 34 33 31 30 31 30 34
30 09 06 01 01 f1 fe 06 c0 ff ff c7 db ed ff 92 7f d7 7e 7e a0 e2 2b 21 13 23 9a e6 e7 00 0f 00
00 00 00 0c 07 e4 0c 17 03 11 36 14 ff 80 00 00 02 19 0a 0e 4b 61 6d 73 74 72 75 70 5f 56 30 30
30 31 09 06 01 01 00 00 05 ff 0a 10 35 37 30 36 35 36 37 32 38 30 32 31 32 37 33 35 09 06 01 01
60 01 01 ff 0a 12 36 38 34 31 31 32 31 42 4e 32 34 33 31 30 31 30 34 30 09 06 01 01 f1 fe 06 e0
fe ff fb da 22 f1 ff 7e a0 e2 2b 21 13 23 9a e6 e7 00 0f 00 00 00 00 0c 07 e4 0c 17 03 11 36 1e
ff 80 00 00 02 19 0a 0e 4b 61 6d 73 74 72 75 70 5f 56 30 30 30 31 09 06 01 01 00 00 05 ff 0a 10
35 37 30 36 35 36 37 32 38 30 32 31 32 37 33 35 09 06 01 01 60 01 01 ff 0a 12 36 38 34 31 31 32
31 42 4e 32 34 33 31 30 31 30 34 30 09 06 01 01 f1 fe 06 e0 fe fe db 95 9f 7e 7e a0 e2 2b 21 13
23 9a e6 e7 00 0f 00 00 00 00 0c 07 e4 0c 17 03 11 36 28 ff 80 00 00 02 19 0a 0e 4b 61 6d 73 74
72 75 70 5f 56 30 30 30 31 09 06 01 01 00 00 05 ff 0a 10 35 37 30 36 35 36 37 32 38 30 32 31 32
37 33 35 09 06 01 01 60 01 01 ff 0a 12 36 38 34 31 31 32 31 42 4e 32 34 33 31 30 31 30 34 30 09
06 01 01 f1 fe 06 c0 ff ff c7 db ed ff d2 4b fe 7e 7e a0 e2 2b 21 13 23 9a e6 e7 00 0f 00 00 00
00 0c 07 e4 0c 17 03 11 36 32 ff 80 00 00 02 19 0a 0e 4b 61 6d 73 74 72 75 70 5f 56 30 30 30 31
09 06 01 01 00 00 05 ff 0a 10 35 37 30 36 35 36 37 32 38 30 32 31 32 37 33 35 09 06 01 01 60 01
01 ff 0a 12 36 38 34 31 31 32 31 42 4e 32 34 33 31 30 31 30 34 30 09 06 01 01 f1 fe 06 c0 fe c6
da ed ff 92 bd 9f 7e 7e a0 e2 2b 21 13 23 9a e6 e7 00 0f 00 00 00 00 0c 07 e4 0c 17 03 11 37 00
ff 80 00 00 02 19 0a 0e 4b 61 6d 73 74 72 75 70 5f 56 30 30 30 31 09 06 01 01 00 00 05 ff 0a 10
35 37 30 36 35 36 37 32 38 30 32 31 32 37 33 35 09 06 01 01 60 01 01 ff 0a 12 36 38 34 31 31 32
31 42 4e 32 34 33 31 30 31 30 34 30 09 06 01 01 f1 fe 06 c0 fe 5b 7e 7e a0 e2 2b 21 13 23 9a e6
e7 00 0f 00 00 00 00 0c 07 e4 0c 17 03 11 37 0a ff 80 00 00 02 19 0a 0e 4b 61 6d 73 74 72 75 70
5f 56 30 30 30 31 09 06 01 01 00 00 05 ff 0a 10 35 37 30 36 35 36 37 32 38 30 32 31 32 37 33 35
09 06 01 01 60 01 01 ff 0a 12 36 38 34 31 31 32 31 42 4e 32 34 33 31 30 31 30 34 30 09 06 01 01
f1 fe 06 c0 25 fe c7 ff 57 e5 ff 7e a0 e2 2b 21 13 23 9a e6 e7 00 0f 00 00 00 00 0c 07 e4 0c 17
03 11 37 14 ff 80 00 00 02 19 0a 0e 4b 61 6d 73 74 72 75 70 5f 56 30 30 30 31 09 06 01 01 00 00
05 ff 0a 10 35 37 30 36 35 36 37 32 38 30 32 31 32 37 33 35 09 06 01 01 60 01 01 ff 0a 12 36 38
34 31 31 32 31 42 4e 32 34 33 31 30 31 30 34 30 09 06 01 01 f1 fe 06 c0 fe 9f 1e 7e 7e a0 e2 2b
21 13 23 9a e6 e7 00 0f 00 00 00 00 0c 07 e4 0c 17 03 11 37 1e ff 80 00 00 02 19 0a 0e 4b 61 6d
73 74 72 75 70 5f 56 30 30 30 31 09 06 01 01 00 00 05 ff 0a 10 35 37 30 36 35 36 37 32 38 30 32
31 32 37 33 35 09 06 01 01 60 01 01 ff 0a 12 36 38 34 31 31 32 31 42 4e 32 34 33 31 30 31 30 34
30 09 06 01 01 f1 fe 06 c0 d7 cb ff 7e a0 e2 2b 21 13 23 9a e6 e7 00 0f 00 00 00 00 0c 07 e4 0c
17 03 11 37 28 ff 80 00 00 02 19 0a 0e 4b 61 6d 73 74 72 75 70 5f 56 30 30 30 31 09 06 01 01 00
00 05 ff 0a 10 35 37 30 36 35 36 37 32 38 30 32 31 32 37 33 35 09 06 01 01 60 01 01 ff 0a 12 36
38 34 31 31 32 31 42 4e 32 34 33 31 30 31 30 34 30 09 06 01 01 f1 fe 06 e0 ff 33 e5 ff 7e a0 e2
2b 21 13 23 9a e6 e7 00 0f 00 00 00 00 0c 07 e4 0c 17 03 11 37 32 ff 80 00 00 02 19 0a 0e 4b 61
6d 73 74 72 75 70 5f 56 30 30 30 31 09 06 01 01 00 00 05 ff 0a 10 35 37 30 36 35 36 37 32 38 30
32 31 32 37 33 35 09 06 01 01 60 01 01 ff 0a 12 36 38 34 31 31 32 31 42 4e 32 34 33 31 30 31 30
34 30 09 06 01 01 f1 fe 06 e0 25 fe c7 ff 7b f2 ff 7e a0 e2 2b 21 13 23 9a e6 e7 00 0f 00 00 00
00 0c 07 e4 0c 17 03 11 38 00 ff 80 00 00 02 19 0a 0e 4b 61 6d 73 74 72 75 70 5f 56 30 30 30 31
09 06 01 01 00 00 85 ff 0a 10 35 37 30 36 35 36 37 32 38 30 32 31 32 37 33 35 09 06 01 01 60 01
01 ff 0a 12 36 38 34 31 31 32 31 42 4e 32 34 33 31 30 31 30 34 30 09 06 01 01 f1 fe 06 e0 fe 7e