                                        23 byte COSEM block
                                        01 01 - List av 1 (01) objekter
                                            02 03 - struct av tre elementer
                                                09 06 
                                                    01 00 01 07 00 FF 
                                                        06 00 00 09 7A 
                                                            02 02 
                                                                0F 00 16 1B






                                        248 byte COSEM block
                                        01 0C - List av 12 (0C) objekter
                                            02 02 - Struct av to elementer
                                                09 06 
                                                    01 01 00 02 81 FF 
                                                        0A 0B 41 49 44 4F 4E 5F 56 30 30 30 31 
                                            02 02 
                                                09 06 
                                                    00 00 60 01 00 FF 
                                                        0A 10 37 33 35 39 39 39 32 39 30 35 34 37 38 33 36 32 
                                            02 02 
                                                09 06 
                                                    00 00 60 01 07 FF 
                                                        0A 04 36 35 32 35 
                                            02 03 - Struct av tre(?) elementer
                                                09 06 
                                                    01 00 01 07 00 FF 
                                                        06 00 00 0D 6D 
                                                            02 02 
                                                                0F 00 16 1B 
                                            02 03 
                                                09 06 
                                                    01 00 02 07 00 FF 
                                                        06 00 00 00 00 
                                                            02 02 
                                                                0F 00 16 1B 
                                            02 03 
                                                09 06 
                                                    01 00 03 07 00 FF 
                                                        06 00 00 00 00 
                                                            02 02 
                                                                0F 00 16 1D 
                                            02 03 
                                                09 06 
                                                    01 00 04 07 00 FF 
                                                        06 00 00 02 CB 
                                                            02 02 
                                                                0F 00 16 1D 
                                            02 03 
                                                09 06 
                                                    01 00 1F 07 00 FF 
                                                        10 00 26 
                                                            02 02 
                                                                0F FF 16 21 
                                            02 03 
                                                09 06 
                                                    01 00 47 07 00 FF 
                                                        10 00 72 
                                                            02 02 
                                                                0F FF 16 21 
                                            02 03 
                                                09 06 
                                                    01 00 20 07 00 FF 
                                                        12 09 0E 
                                                            02 02 
                                                                0F FF 16 23 
                                            02 03 
                                                09 06 
                                                    01 00 34 07 00 FF 
                                                        12 09 14 
                                                            02 02 
                                                                0F FF 16 23 
                                            02 03 
                                                09 06 
                                                    01 00 48 07 00 FF 
                                                        12 08 FF 
                                                            02 02 
                                                                0F FF 16 23


