['Sun, 28 November 2021 19:20:15']
 7e a0 2a 41 08 83 13 04 13 e6 e7 00 0f 40 00 00 00 00 01 01
 02 03 09 06 01 00 01 07 00 ff 06 00 00 17 b3 02 02 0f 00 16
 1b e1 18 7e 7e a0 2a 41 08 83 13 04 13 e6 e7 00 0f 40 00 00
 00 00 01 01 02 03 09 06 01 00 01 07 00 ff 06 00 00 17 b5 02
 02 0f 00 16 1b 2c 40 7e
['Sun, 28 November 2021 19:20:20']
 7e a0 2a 41 08 83 13 04 13 e6 e7 00 0f 40 00 00 00 00 01 01
 02 03 09 06 01 00 01 07 00 ff 06 00 00 17 b5 02 02 0f 00 16
 1b 2c 40 7e 7e a1 0b 41 08 83 13 fa 7c e6 e7 00 0f 40 00 00
 00 00 01 0c 02 02 09 06 01 01 00 02 81 ff 0a 0b 41 49 44 4f
 4e 5f 56 30 30 30 31 02 02 09 06 00 00 60 01 00 ff 0a 10 37
 33 35 39 39 39 32 39 30 35 34 37 38 33 36 32 02 02 09 06 00
 00 60 01 07 ff 0a 04 36 35 32 35 02 03 09 06 01 00 01 07 00
 ff 06 00 00 17 b7 02 02 0f 00 16 1b 02 03 09 06 01 00 02 07
 00 ff 06 00 00 00 00 02 02 0f 00 16 1b 02 03 09 06 01 00 03
 07 00 ff 06 00 00 00 00 02 02 0f 00 16 1d 02 03 09 06 01 00
 04 07 00 ff 06 00 00 03 33 02 02 0f 00 16 1d 02 03 09 06 01
 00 1f 07 00 ff 10 00 7c 02 02 0f ff 16
['Sun, 28 November 2021 19:20:22']
 7e a1 0b 41 08 83 13 fa 7c e6 e7 00 0f 40 00 00 00 00 01 0c
 02 02 09 06 01 01 00 02 81 ff 0a 0b 41 49 44 4f 4e 5f 56 30
 30 30 31 02 02 09 06 00 00 60 01 00 ff 0a 10 37 33 35 39 39
 39 32 39 30 35 34 37 38 33 36 32 02 02 09 06 00 00 60 01 07
 ff 0a 04 36 35 32 35 02 03 09 06 01 00 01 07 00 ff 06 00 00
 17 b7 02 02 0f 00 16 1b 02 03 09 06 01 00 02 07 00 ff 06 00
 00 00 00 02 02 0f 00 16 1b 02 03 09 06 01 00 03 07 00 ff 06
 00 00 00 00 02 02 0f 00 16 1d 02 03 09 06 01 00 04 07 00 ff
 06 00 00 03 33 02 02 0f 00 16 1d 02 03 09 06 01 00 1f 07 00
 ff 10 00 7c 02 02 0f ff 16 21 02 03 09 06 01 00 47 07 00 ff
 10 00 90 02 02 0f ff 16 21 02 03 09 06 01 00 20 07 00 ff 12
 08 ec 02 02 0f ff 16 23 02 03 09 06 01 00 34 07 00 ff 12 08
 e0 02 02 0f ff 16 23 02 03 09 06 01 00 48 07 00 ff 12 08 e3
 02 02 0f ff 16 23 2b 17 7e 7e a0 2a 41 08 83 13 04 13 e6 e7
 00 0f 40 00 00 00 00 01 01 02 03 09 06 01 00 01 07 00 ff 06
 00 00 17 b0 02 02 0f 00 16 1b 8f b0 7e
['Sun, 28 November 2021 19:20:27']
 7e a0 2a 41 08 83 13 04 13 e6 e7 00 0f 40 00 00 00 00 01 01
 02 03 09 06 01 00 01 07 00 ff 06 00 00 17 b7 02 02 0f 00 16
 1b 97 77 7e 7e a0 2a 41 08 83 13 04 13 e6 e7 00 0f 40 00 00
 00 00 01 01 02 03 09 06 01 00 01 07 00 ff 06 00 00 1b 9e 02
 02 0f 00 16 1b 4f 6e 7e
['Sun, 28 November 2021 19:20:31']
 7e a1 0b 41 08 83 13 fa 7c e6 e7 00 0f 40 00 00 00 00 01 0c
 02 02 09 06 01 01 00 02 81 ff 0a 0b 41 49 44 4f 4e 5f 56 30
 30 30 31 02 02 09 06 00 00 60 01 00 ff 0a 10 37 33 35 39 39
 39 32 39 30 35 34 37 38 33 36 32 02 02 09 06 00 00 60 01 07
 ff 0a 04 36 35 32 35 02 03 09 06 01 00 01 07 00 ff 06 00 00
 1b 44 02 02 0f 00 16 1b 02 03 09 06 01 00 02 07 00 ff 06 00
 00 00 00 02 02 0f 00 16 1b 02 03 09 06 01 00 03 07 00 ff 06
 00 00 00 00 02 02 0f 00 16 1d 02 03 09 06 01 00 04 07 00 ff
 06 00 00 02 44 02 02 0f 00 16 1d 02 03 09 06 01 00 1f 07 00
 ff 10 00 7b 02 02 0f ff 16 21 02 03 09 06 01 00 47 07 00 ff
 10 00 ba 02 02 0f ff 16 21 02 03 09 06 01 00 20 07 00 ff 12
 08 e8 02 02 0f ff 16 23 02 03 09 06 01 00 34 07 00 ff 12 08
 df 02 02 0f ff 16 23 02 03 09 06 01 00 48 07 00 ff 12 08 de
 02 02 0f ff 16 23 19 e4 7e
['Sun, 28 November 2021 19:20:35']
 7e a0 2a 41 08 83 13 04 13 e6 e7 00 0f 40 00 00 00 00 01 01
 02 03 09 06 01 00 01 07 00 ff 06 00 00 1b 4e 02 02 0f 00 16
 1b 9d 9a 7e 7e a0 2a 41 08 83 13 04 13 e6 e7 00 0f 40 00 00
 00 00 01 01 02 03 09 06 01 00 01 07 00 ff 06 00 00 1b 4d 02
 02 0f 00 16 1b f3 32 7e
['Sun, 28 November 2021 19:20:40']
 7e a0 2a 41 08 83 13 04 13 e6 e7 00 0f 40 00 00 00 00 01 01
 02 03 09 06 01 00 01 07 00 ff 06 00 00 1b 57 02 02 0f 00 16
 1b 6d 6e 7e 7e a1 0b 41 08 83 13 fa 7c e6 e7 00 0f 40 00 00
 00 00 01 0c 02 02 09 06 01 01 00 02 81 ff 0a 0b 41 49 44 4f
 4e 5f 56 30 30 30 31 02 02 09 06 00 00 60 01 00 ff 0a 10 37
 33 35 39 39 39 32 39 30 35 34 37 38 33 36 32 02 02 09 06 00
 00 60 01 07 ff 0a 04 36 35 32 35 02 03 09 06 01 00 01 07 00
 ff 06 00 00 1b 57 02 02 0f 00 16 1b 02 03 09 06 01 00 02 07
 00 ff 06 00 00 00 00 02 02 0f 00 16 1b 02 03 09 06 01 00 03
 07 00 ff 06 00 00 00 00 02 02 0f 00 16 1d 02 03 09 06 01 00
 04 07 00 ff 06 00 00 03 39 02 02 0f 00 16 1d 02 03 09 06 01
 00 1f 07 00 ff 10 00 7c 02 02 0f ff 16 21 02 03 09 06 01 00
 47 07 00
['Sun, 28 November 2021 19:20:42']
 7e a1 0b 41 08 83 13 fa 7c e6 e7 00 0f 40 00 00 00 00 01 0c
 02 02 09 06 01 01 00 02 81 ff 0a 0b 41 49 44 4f 4e 5f 56 30
 30 30 31 02 02 09 06 00 00 60 01 00 ff 0a 10 37 33 35 39 39
 39 32 39 30 35 34 37 38 33 36 32 02 02 09 06 00 00 60 01 07
 ff 0a 04 36 35 32 35 02 03 09 06 01 00 01 07 00 ff 06 00 00
 1b 57 02 02 0f 00 16 1b 02 03 09 06 01 00 02 07 00 ff 06 00
 00 00 00 02 02 0f 00 16 1b 02 03 09 06 01 00 03 07 00 ff 06
 00 00 00 00 02 02 0f 00 16 1d 02 03 09 06 01 00 04 07 00 ff
 06 00 00 03 39 02 02 0f 00 16 1d 02 03 09 06 01 00 1f 07 00
 ff 10 00 7c 02 02 0f ff 16 21 02 03 09 06 01 00 47 07 00 ff
 10 00 ba 02 02 0f ff 16 21 02 03 09 06 01 00 20 07 00 ff 12
 08 ea 02 02 0f ff 16 23 02 03 09 06 01 00 34 07 00 ff 12 08
 e6 02 02 0f ff 16 23 02 03 09 06 01 00 48 07 00 ff 12 08 d9
 02 02 0f ff 16 23 e3 ad 7e 7e a0 2a 41 08 83 13 04 13 e6 e7
 00 0f 40 00 00 00 00 01 01 02 03 09 06 01 00 01 07 00 ff 06
 00 00 17 b1 02 02 0f 00 16 1b 5a 2f 7e
['Sun, 28 November 2021 19:20:47']
 7e a0 2a 41 08 83 13 04 13 e6 e7 00 0f 40 00 00 00 00 01 01
 02 03 09 06 01 00 01 07 00 ff 06 00 00 17 b1 02 02 0f 00 16
 1b 5a 2f 7e 7e a0 2a 41 08 83 13 04 13 e6 e7 00 0f 40 00 00
 00 00 01 01 02 03 09 06 01 00 01 07 00 ff 06 00 00 17 8f 02
 02 0f 00 16 1b 31 7f 7e
['Sun, 28 November 2021 19:20:51']
 7e a1 0b 41 08 83 13 fa 7c e6 e7 00 0f 40 00 00 00 00 01 0c
 02 02 09 06 01 01 00 02 81 ff 0a 0b 41 49 44 4f 4e 5f 56 30
 30 30 31 02 02 09 06 00 00 60 01 00 ff 0a 10 37 33 35 39 39
 39 32 39 30 35 34 37 38 33 36 32 02 02 09 06 00 00 60 01 07
 ff 0a 04 36 35 32 35 02 03 09 06 01 00 01 07 00 ff 06 00 00
 17 b5 02 02 0f 00 16 1b 02 03 09 06 01 00 02 07 00 ff 06 00
 00 00 00 02 02 0f 00 16 1b 02 03 09 06 01 00 03 07 00 ff 06
 00 00 00 00 02 02 0f 00 16 1d 02 03 09 06 01 00 04 07 00 ff
 06 00 00 03 03 02 02 0f 00 16 1d 02 03 09 06 01 00 1f 07 00
 ff 10 00 7b 02 02 0f ff 16 21 02 03 09 06 01 00 47 07 00 ff
 10 00 8f 02 02 0f ff 16 21 02 03 09 06 01 00 20 07 00 ff 12
 08 ec 02 02 0f ff 16 23 02 03 09 06 01 00 34 07 00 ff 12 08
 ea 02 02 0f ff 16 23 02 03 09 06 01 00 48 07 00 ff 12 08 df
 02 02 0f ff 16 23 07 36 7e
['Sun, 28 November 2021 19:20:55']
 7e a0 2a 41 08 83 13 04 13 e6 e7 00 0f 40 00 00 00 00 01 01
 02 03 09 06 01 00 01 07 00 ff 06 00 00 17 b9 02 02 0f 00 16
 1b b6 f1 7e 7e a0 2a 41 08 83 13 04 13 e6 e7 00 0f 40 00 00
 00 00 01 01 02 03 09 06 01 00 01 07 00 ff 06 00 00 17 b5 02
 02 0f 00 16 1b 2c 40 7e
['Sun, 28 November 2021 19:21:00']
 7e a0 2a 41 08 83 13 04 13 e6 e7 00 0f 40 00 00 00 00 01 01
 02 03 09 06 01 00 01 07 00 ff 06 00 00 17 ae 02 02 0f 00 16
 1b 67 83 7e 7e a1 0b 41 08 83 13 fa 7c e6 e7 00 0f 40 00 00
 00 00 01 0c 02 02 09 06 01 01 00 02 81 ff 0a 0b 41 49 44 4f
 4e 5f 56 30 30 30 31 02 02 09 06 00 00 60 01 00 ff 0a 10 37
 33 35 39 39 39 32 39 30 35 34 37 38 33 36 32 02 02 09 06 00
 00 60 01 07 ff 0a 04 36 35 32 35 02 03 09 06 01 00 01 07 00
 ff 06 00 00 17 b0 02 02 0f 00 16 1b 02 03 09 06 01 00 02 07
 00 ff 06 00 00 00 00 02 02 0f 00 16 1b 02 03 09 06 01 00 03
 07 00 ff 06 00 00 00 00 02 02 0f 00 16 1d 02 03 09 06 01 00
 04 07 00 ff 06 00 00 03 31 02 02 0f 00 16 1d 02 03 09 06 01
 00 1f 07 00 ff 10 00 7c 02 02 0f ff 16 21 02 03 09 06 01 00
 47 07 00 ff 10 00 90 02 02 0f ff 16 21 02
['Sun, 28 November 2021 19:21:02']
 7e a1 0b 41 08 83 13 fa 7c e6 e7 00 0f 40 00 00 00 00 01 0c
 02 02 09 06 01 01 00 02 81 ff 0a 0b 41 49 44 4f 4e 5f 56 30
 30 30 31 02 02 09 06 00 00 60 01 00 ff 0a 10 37 33 35 39 39
 39 32 39 30 35 34 37 38 33 36 32 02 02 09 06 00 00 60 01 07
 ff 0a 04 36 35 32 35 02 03 09 06 01 00 01 07 00 ff 06 00 00
 17 b0 02 02 0f 00 16 1b 02 03 09 06 01 00 02 07 00 ff 06 00
 00 00 00 02 02 0f 00 16 1b 02 03 09 06 01 00 03 07 00 ff 06
 00 00 00 00 02 02 0f 00 16 1d 02 03 09 06 01 00 04 07 00 ff
 06 00 00 03 31 02 02 0f 00 16 1d 02 03 09 06 01 00 1f 07 00
 ff 10 00 7c 02 02 0f ff 16 21 02 03 09 06 01 00 47 07 00 ff
 10 00 90 02 02 0f ff 16 21 02 03 09 06 01 00 20 07 00 ff 12
 08 ec 02 02 0f ff 16 23 02 03 09 06 01 00 34 07 00 ff 12 08
 ea 02 02 0f ff 16 23 02 03 09 06 01 00 48 07 00 ff 12 08 e4
 02 02 0f ff 16 23 4c b8 7e 7e a0 2a 41 08 83 13 04 13 e6 e7
 00 0f 40 00 00 00 00 01 01 02 03 09 06 01 00 01 07 00 ff 06
 00 00 17 b4 02 02 0f 00 16 1b f9 df 7e
['Sun, 28 November 2021 19:21:07']
 7e a0 2a 41 08 83 13 04 13 e6 e7 00 0f 40 00 00 00 00 01 01
 02 03 09 06 01 00 01 07 00 ff 06 00 00 18 83 02 02 0f 00 16
 1b 19 7f 7e 7e a0 2a 41 08 83 13 04 13 e6 e7 00 0f 40 00 00
 00 00 01 01 02 03 09 06 01 00 01 07 00 ff 06 00 00 1b 60 02
 02 0f 00 16 1b 3f 7f 7e
['Sun, 28 November 2021 19:21:11']
 7e a1 0b 41 08 83 13 fa 7c e6 e7 00 0f 40 00 00 00 00 01 0c
 02 02 09 06 01 01 00 02 81 ff 0a 0b 41 49 44 4f 4e 5f 56 30
 30 30 31 02 02 09 06 00 00 60 01 00 ff 0a 10 37 33 35 39 39
 39 32 39 30 35 34 37 38 33 36 32 02 02 09 06 00 00 60 01 07
 ff 0a 04 36 35 32 35 02 03 09 06 01 00 01 07 00 ff 06 00 00
 1b 60 02 02 0f 00 16 1b 02 03 09 06 01 00 02 07 00 ff 06 00
 00 00 00 02 02 0f 00 16 1b 02 03 09 06 01 00 03 07 00 ff 06
 00 00 00 00 02 02 0f 00 16 1d 02 03 09 06 01 00 04 07 00 ff
 06 00 00 03 a8 02 02 0f 00 16 1d 02 03 09 06 01 00 1f 07 00
 ff 10 00 7c 02 02 0f ff 16 21 02 03 09 06 01 00 47 07 00 ff
 10 00 91 02 02 0f ff 16 21 02 03 09 06 01 00 20 07 00 ff 12
 08 eb 02 02 0f ff 16 23 02 03 09 06 01 00 34 07 00 ff 12 08
 ea 02 02 0f ff 16 23 02 03 09 06 01 00 48 07 00 ff 12 08 e1
 02 02 0f ff 16 23 cc 05 7e
['Sun, 28 November 2021 19:21:15']
 7e a0 2a 41 08 83 13 04 13 e6 e7 00 0f 40 00 00 00 00 01 01
 02 03 09 06 01 00 01 07 00 ff 06 00 00 1b 5f 02 02 0f 00 16
 1b 81 b0 7e 7e a0 2a 41 08 83 13 04 13 e6 e7 00 0f 40 00 00
 00 00 01 01 02 03 09 06 01 00 01 07 00 ff 06 00 00 1b 5f 02
 02 0f 00 16 1b 81 b0 7e
['Sun, 28 November 2021 19:21:19']
 7e a0 2a 41 08 83 13 04 13 e6 e7 00 0f 40 00 00 00 00 01 01
 02 03 09 06 01 00 01 07 00 ff 06 00 00 1b 5f 02 02 0f 00 16
 1b 81 b0 7e 7e
['Sun, 28 November 2021 19:21:21']
 7e a1 0b 41 08 83 13 fa 7c e6 e7 00 0f 40 00 00 00 00 01 0c
 02 02 09 06 01 01 00 02 81 ff 0a 0b 41 49 44 4f 4e 5f 56 30
 30 30 31 02 02 09 06 00 00 60 01 00 ff 0a 10 37 33 35 39 39
 39 32 39 30 35 34 37 38 33 36 32 02 02 09 06 00 00 60 01 07
 ff 0a 04 36 35 32 35 02 03 09 06 01 00 01 07 00 ff 06 00 00
 1b 63 02 02 0f 00 16 1b 02 03 09 06 01 00 02 07 00 ff 06 00
 00 00 00 02 02 0f 00 16 1b 02 03 09 06 01 00 03 07 00 ff 06
 00 00 00 00 02 02 0f 00 16 1d 02 03 09 06 01 00 04 07 00 ff
 06 00 00 03 0a 02 02 0f 00 16 1d 02 03 09 06 01 00 1f 07 00
 ff 10 00 7c 02 02 0f ff 16 21 02 03 09 06 01 00 47 07 00 ff
 10 00 ba 02 02 0f ff 16 21 02 03 09 06 01 00 20 07 00 ff 12
 08 e9 02 02 0f ff 16 23 02 03 09 06 01 00 34 07 00 ff 12 08
 e8 02 02 0f ff 16 23 02 03 09 06 01 00 48 07 00 ff 12 08 dc
 02 02 0f ff 16 23 20 cd 7e
['Sun, 28 November 2021 19:21:24']
 7e a0 2a 41 08 83 13 04 13 e6 e7 00 0f 40 00 00 00 00 01 01
 02 03 09 06 01 00 01 07 00 ff 06 00 00 1b b6 02 02 0f 00 16
 1b 20 d3 7e 7e a0 2a
['Sun, 28 November 2021 19:21:27']
 7e a0 2a 7e a0 2a 41 08 83 13 04 13 e6 e7 00 0f 40 00 00 00
 00 01 01 02 03 09 06 01 00 01 07 00 ff 06 00 00 17 c7 02 02
 0f 00 16 1b db 66 7e
['Sun, 28 November 2021 19:21:30']
 a0 2a 41 08 83 13 04 13 e6 e7 00 0f 40 00 00 00 00 01 01 02
 03 09 06 01 00 01 07 00 ff 06 00 00 17 c7 02 02 0f 00 16 1b
 db 66 7e 02 09 06 00 00 60 01 00 ff 0a 10 37 33 35 39 39 39
 32 39 30 35 34 37 38 33 36 32 02 02 09 06 00 00 60 01 07 ff
 0a 04 36 35 32 35 02 03 09 06 01 00 01 07 00 ff 06 00 00 17
 b7 02 02 0f 00 16 1b 02 03 09 06 01 00 02 07 00 ff 06 00 00
 00 00 02 02 0f 00 16 1b 02 03 09 06 01 00 03 07 00 ff 06 00
 00 00 00 02 02 0f 00 16 1d 02 03 09 06 01 00 04 07 00 ff 06
 00 00 02 2b 02 02 0f 00 16 1d 02 03 09 06 01 00 1f 07 00 ff
 10 00 7c 02 02 0f ff 16 21 02 03 09 06 01 00 47 07 00 ff 10
 00 90 02 02 0f ff 16 21 02 03 09 06 01 00 20 07 00 ff 12 08
 ed 02
['Sun, 28 November 2021 19:21:32']
 a0 2a 41 08 83 13 04 13 e6 e7 00 0f 40 00 00 00 00 01 01 02
 03 09 06 01 00 01 07 00 ff 06 00 00 17 c7 02 02 0f 00 16 1b
 db 66 7e 02 09 06 00 00 60 01 00 ff 0a 10 37 33 35 39 39 39
 32 39 30 35 34 37 38 33 36 32 02 02 09 06 00 00 60 01 07 ff
 0a 04 36 35 32 35 02 03 09 06 01 00 01 07 00 ff 06 00 00 17
 b7 02 02 0f 00 16 1b 02 03 09 06 01 00 02 07 00 ff 06 00 00
 00 00 02 02 0f 00 16 1b 02 03 09 06 01 00 03 07 00 ff 06 00
 00 00 00 02 02 0f 00 16 1d 02 03 09 06 01 00 04 07 00 ff 06
 00 00 02 2b 02 02 0f 00 16 1d 02 03 09 06 01 00 1f 07 00 ff
 10 00 7c 02 02 0f ff 16 21 02 03 09 06 01 00 47 07 00 ff 10
 00 90 02 02 0f ff 16 21 02 03 09 06 01 00 20 07 00 ff 12 08
 ed 02 7e a0 2a 41 08 83 13 04 13 e6 e7 00 0f 40 00 00 00 00
 01 01 02 03 09 06 01 00 01 07 00 ff 06 00 00 17 bb 02 02 0f
 00 16 1b 0d c6 7e
['Sun, 28 November 2021 19:23:31']
 7e a1 0b 41 08 83 13 fa 7c e6 e7 00 0f 40 00 00 00 00 01 0c
 02 02 09 06 01 01 00 02 81 ff 0a 0b 41 49 44 4f 4e 5f 56 30
 30 30 31 02 02 09 06 00 00 60 01 00 ff 0a 10 37 33 35 39 39
 39 32 39 30 35 34 37 38 33 36 32 02 02 09 06 00 00 60 01 07
 ff 0a 04 36 35 32 35 02 03 09 06 01 00 01 07 00 ff 06 00 00
 17 5d 02 02 0f 00 16 1b 02 03 09 06 01 00 02 07 00 ff 06 00
 00 00 00 02 02 0f 00 16 1b 02 03 09 06 01 00 03 07 00 ff 06
 00 00 00 00 02 02 0f 00 16 1d 02 03 09 06 01 00 04 07 00 ff
 06 00 00 03 11 02 02 0f 00 16 1d 02 03 09 06 01 00 1f 07 00
 ff 10 00 7c 02 02 0f ff 16 21 02 03 09 06 01 00 47 07 00 ff
 10 00 8c 02 02 0f ff 16 21 02 03 09 06 01 00 20 07 00 ff 12
 08 f3 02 02 0f ff 16 23 02 03 09 06 01 00 34 07 00 ff 12 08
 e5 02 02 0f ff 16 23 02 03 09 06 01 00 48 07 00 ff 12 08 e2
 02 02 0f ff 16 23 2d ca 7e
['Sun, 28 November 2021 19:23:34']
 7e a0 2a 41 08 83 13 04 13 e6 e7 00 0f 40 00 00 00 00 01 01
 02 03 09 06 01 00 01 07 00 ff 06 00 00 17 4e 02 02 0f 00 16
 1b ff a1 7e 7e a0 2a
['Sun, 28 November 2021 19:57:11']
 7e a1 0b 41 08 83 13 fa 7c e6 e7 00 0f 40 00 00 00 00 01 0c
 02 02 09 06 01 01 00 02 81 ff 0a 0b 41 49 44 4f 4e 5f 56 30
 30 30 31 02 02 09 06 00 00 60 01 00 ff 0a 10 37 33 35 39 39
 39 32 39 30 35 34 37 38 33 36 32 02 02 09 06 00 00 60 01 07
 ff 0a 04 36 35 32 35 02 03 09 06 01 00 01 07 00 ff 06 00 00
 07 98 02 02 0f 00 16 1b 02 03 09 06 01 00 02 07 00 ff 06 00
 00 00 00 02 02 0f 00 16 1b 02 03 09 06 01 00 03 07 00 ff 06
 00 00 00 00 02 02 0f 00 16 1d 02 03 09 06 01 00 04 07 00 ff
 06 00 00 00 75 02 02 0f 00 16 1d 02 03 09 06 01 00 1f 07 00
 ff 10 00 2b 02 02 0f ff 16 21 02 03 09 06 01 00 47 07 00 ff
 10 00 32 02 02 0f ff 16 21 02 03 09 06 01 00 20 07 00 ff 12
 08 d4 02 02 0f ff 16 23 02 03 09 06 01 00 34 07 00 ff 12 08
 d1 02 02 0f ff 16 23 02 03 09 06 01 00 48 07 00 ff 12 08 e8
 02 02 0f ff 16 23 1f e9 7e
['Sun, 28 November 2021 19:57:15']
 7e a0 2a 41 08 83 13 04 13 e6 e7 00 0f 40 00 00 00 00 01 01
 02 03 09 06 01 00 01 07 00 ff 06 00 00 07 98 02 02 0f 00 16
 1b 98 56 7e 7e a0 2a 41 08 83 13 04 13 e6 e7 00 0f 40 00 00
 00 00 01 01 02 03 09 06 01 00 01 07 00 ff 06 00 00 07 85 02
 02 0f 00 16 1b 1e cd 7e
['Sun, 28 November 2021 19:57:20']
 7e a0 2a 41 08 83 13 04 13 e6 e7 00 0f 40 00 00 00 00 01 01
 02 03 09 06 01 00 01 07 00 ff 06 00 00 07 85 02 02 0f 00 16
 1b 1e cd 7e 7e a1 0b 41 08 83 13 fa 7c e6 e7 00 0f 40 00 00
 00 00 01 0c 02 02 09 06 01 01 00 02 81 ff 0a 0b 41 49 44 4f
 4e 5f 56 30 30 30 31 02 02 09 06 00 00 60 01 00 ff 0a 10 37
 33 35 39 39 39 32 39 30 35 34 37 38 33 36 32 02 02 09 06 00
 00 60 01 07 ff 0a 04 36 35 32 35
['Sun, 28 November 2021 19:57:23']
 7e a1 0b 41 08 83 13 fa 7c e6 e7 00 0f 40 00 00 00 00 01 0c
 02 02 09 06 01 01 00 02 81 ff 0a 0b 41 49 44 4f 4e 5f 56 30
 30 30 31 02 02 09 06 00 00 60 01 00 ff 0a 10 37 33 35 39 39
 39 32 39 30 35 34 37 38 33 36 32 02 02 09 06 00 00 60 01 07
 ff 0a 04 36 35 32 35 02 03 09 06 01 00 01 07 00 ff 06 00 00
 0b 31 02 02 0f 00 16 1b 02 03 09 06 01 00 02 07 00 ff 06 00
 00 00 00 02 02 0f 00 16 1b 02 03 09 06 01 00 03 07 00 ff 06
 00 00 00 00 02 02 0f 00 16 1d 02 03 09 06 01 00 04 07 00 ff
 06 00 00 01 12 02 02 0f 00 16 1d 02 03 09 06 01 00 1f 07 00
 ff 10 00 2a 02 02 0f ff 16 21 02 03 09 06 01 00 47 07 00 ff
 10 00 31 02 02 0f ff 16 21 02 03 09 06 01 00 20 07 00 ff 12
 08 d2 02 02 0f ff 16 23 02 03 09 06 01 00 34 07 00 ff 12 08
 d2 02 02 0f ff 16 23 02 03 09 06 01 00 48 07 00 ff 12 08 eb
 02 02 0f ff 16 23 9b c9 7e 7e a0 2a 41 08 83 13 04 13 e6 e7
 00 0f 40 00 00 00 00 01 01 02 03 09 06 01 00 01 07 00 ff 06
 00 00 0b 29 02 02 0f 00 16 1b 78 a2 7e
['Sun, 28 November 2021 19:59:39']
 7e a0 2a 41 08 83 13 04 13 e6 e7 00 0f 40 00 00 00 00 01 01
 02 03 09 06 01 00 01 07 00 ff 06 00 00 07 df 02 02 0f 00 16
 1b 86 56 7e 7e a1 0b 41 08 83 13 fa 7c e6 e7 00 0f 40 00 00
 00 00 01 0c 02 02 09 06 01 01 00 02 81 ff 0a 0b 41 49 44 4f
 4e 5f 56 30 30 30 31 02 02 09
['Sun, 28 November 2021 19:59:41']
 7e a1 0b 41 08 83 13 fa 7c e6 e7 00 0f 40 00 00 00 00 01 0c
 02 02 09 06 01 01 00 02 81 ff 0a 0b 41 49 44 4f 4e 5f 56 30
 30 30 31 02 02 09 06 00 00 60 01 00 ff 0a 10 37 33 35 39 39
 39 32 39 30 35 34 37 38 33 36 32 02 02 09 06 00 00 60 01 07
 ff 0a 04 36 35 32 35 02 03 09 06 01 00 01 07 00 ff 06 00 00
 07 df 02 02 0f 00 16 1b 02 03 09 06 01 00 02 07 00 ff 06 00
 00 00 00 02 02 0f 00 16 1b 02 03 09 06 01 00 03 07 00 ff 06
 00 00 00 00 02 02 0f 00 16 1d 02 03 09 06 01 00 04 07 00 ff
 06 00 00 01 21 02 02 0f 00 16 1d 02 03 09 06 01 00 1f 07 00
 ff 10 00 2a 02 02 0f ff 16 21 02 03 09 06 01 00 47 07 00 ff
 10 00 35 02 02 0f ff 16 21 02 03 09 06 01 00 20 07 00 ff 12
 08 de 02 02 0f ff 16 23 02 03 09 06 01 00 34 07 00 ff 12 08
 d4 02 02 0f ff 16 23 02 03 09 06 01 00 48 07 00 ff 12 08 eb
 02 02 0f ff 16 23 6e 91 7e
['Sun, 28 November 2021 19:59:44']
 7e a0 2a 41 08 83 13 04 13 e6 e7 00 0f 40 00 00 00 00 01 01
 02 03 09 06 01 00 01 07 00 ff 06 00 00 08 14 02 02 0f 00 16
 1b ad d0 7e 7e a0 2a 41 08 83 13 04 13 e6 e7 00 0f 40 00 00
 00 00 01 01 02 03 09 06 01 00 01 07 00 ff 06 00 00 08 1f 02
 02 0f 00 16 1b 2f a6 7e
['Sun, 28 November 2021 19:59:49']
 7e a0 2a 41 08 83 13 04 13 e6 e7 00 0f 40 00 00 00 00 01 01
 02 03 09 06 01 00 01 07 00 ff 06 00 00 07 f7 02 02 0f 00 16
 1b e9 eb 7e 7e a1 0b 41 08 83 13 fa 7c e6 e7 00 0f 40 00 00
 00 00 01 0c 02 02 09 06 01 01 00 02 81 ff 0a 0b 41 49 44 4f
 4e 5f 56 30 30 30 31 02 02 09 06 00 00 60
['Sun, 28 November 2021 19:59:52']
 7e a1 0b 41 08 83 13 fa 7c e6 e7 00 0f 40 00 00 00 00 01 0c
 02 02 09 06 01 01 00 02 81 ff 0a 0b 41 49 44 4f 4e 5f 56 30
 30 30 31 02 02 09 06 00 00 60 01 00 ff 0a 10 37 33 35 39 39
 39 32 39 30 35 34 37 38 33 36 32 02 02 09 06 00 00 60 01 07
 ff 0a 04 36 35 32 35 02 03 09 06 01 00 01 07 00 ff 06 00 00
 08 17 02 02 0f 00 16 1b 02 03 09 06 01 00 02 07 00 ff 06 00
 00 00 00 02 02 0f 00 16 1b 02 03 09 06 01 00 03 07 00 ff 06
 00 00 00 00 02 02 0f 00 16 1d 02 03 09 06 01 00 04 07 00 ff
 06 00 00 00 86 02 02 0f 00 16 1d 02 03 09 06 01 00 1f 07 00
 ff 10 00 2a 02 02 0f ff 16 21 02 03 09 06 01 00 47 07 00 ff
 10 00 37 02 02 0f ff 16 21 02 03 09 06 01 00 20 07 00 ff 12
 08 e6 02 02 0f ff 16 23 02 03 09 06 01 00 34 07 00 ff 12 08
 de 02 02 0f ff 16 23 02 03 09 06 01 00 48 07 00 ff 12 08 ec
 02 02 0f ff 16 23 3c 69 7e 7e a0 2a 41 08 83 13 04 13 e6 e7
 00 0f 40 00 00 00 00 01 01 02 03 09 06 01 00 01 07 00 ff 06
 00 00 08 1a 02 02 0f 00 16 1b 8c 56 7e
['Sun, 28 November 2021 19:59:57']
 7e a0 2a 41 08 83 13 04 13 e6 e7 00 0f 40 00 00 00 00 01 01
 02 03 09 06 01 00 01 07 00 ff 06 00 00 08 05 02 02 0f 00 16
 1b b1 fa 7e 7e a0 2a 41 08 83 13 04 13 e6 e7 00 0f 40 00 00
 00 00 01 01 02 03 09 06 01 00 01 07 00 ff 06 00 00 08 08 02
 02 0f 00 16 1b fe d4 7e
['Sun, 28 November 2021 20:00:00']
 7e a1 0b 41 08 83 13 fa 7c e6 e7 00 0f 40 00 00 00 00 01 0c
 02 02 09 06 01 01 00 02 81 ff 0a 0b 41 49 44 4f 4e 5f 56 30
 30 30 31 02 02 09 06 00 00 60 01 00 ff 0a 10 37 33 35 39 39
 39 32 39 30 35 34 37 38 33 36 32 02 02 09 06 00 00 60 01 07
 ff 0a 04 36 35 32 35 02 03 09 06 01 00 01 07 00 ff 06 00 00
 07 ff 02 02 0f 00 16 1b 02 03 09 06 01 00 02 07 00 ff 06 00
 00 00 00 02 02 0f 00 16 1b 02 03 09 06 01 00 03 07 00 ff 06
 00 00 00 00 02 02 0f 00 16 1d 02 03 09 06 01 00 04 07 00 ff
 06 00 00 01 1b 02 02 0f 00 16 1d 02 03 09 06 01 00 1f 07 00
 ff 10 00 2a 02 02 0f ff 16 21 02 03 09 06 01 00 47 07 00 ff
 10 00 36 02 02 0f ff 16 21 02 03 09 06 01 00 20 07 00 ff 12
 08 e4 02 02 0f ff 16 23 02 03 09 06 01 00 34 07 00 ff 12 08
 d6 02 02 0f ff 16 23 02 03 09 06 01 00 48 07 00 ff 12 08 ee
 02 02 0f ff 16 23 6f 8e 7e
['Sun, 28 November 2021 20:00:04']
 7e a0 2a 41 08 83 13 04 13 e6 e7 00 0f 40 00 00 00 00 01 01
 02 03 09 06 01 00 01 07 00 ff 06 00 00 0b bc 02 02 0f 00 16
 1b 0f 61 7e 7e a0 2a 41 08 83 13 04 13 e6 e7 00 0f 40 00 00
 00 00 01 01 02 03 09 06 01 00 01 07 00 ff 06 00 00 0b bc 02
 02 0f 00 16 1b 0f 61 7e
['Sun, 28 November 2021 20:00:09']
 7e a0 2a 41 08 83 13 04 13 e6 e7 00 0f 40 00 00 00 00 01 01
 02 03 09 06 01 00 01 07 00 ff 06 00 00 0b d4 02 02 0f 00 16
 1b 66 1b 7e 7e a1 77 41 08 83 13 39 1e e6 e7 00 0f 40 00 00
 00 00 01 11 02 02 09 06 01 01 00 02 81 ff 0a 0b 41 49 44 4f
 4e 5f 56 30 30 30 31 02 02 09 06 00 00 60 01 00 ff 0a 10 37
 33 35 39
['Sun, 28 November 2021 20:00:11']
 7e a1 77 41 08 83 13 39 1e e6 e7 00 0f 40 00 00 00 00 01 11
 02 02 09 06 01 01 00 02 81 ff 0a 0b 41 49 44 4f 4e 5f 56 30
 30 30 31 02 02 09 06 00 00 60 01 00 ff 0a 10 37 33 35 39 39
 39 32 39 30 35 34 37 38 33 36 32 02 02 09 06 00 00 60 01 07
 ff 0a 04 36 35 32 35 02 03 09 06 01 00 01 07 00 ff 06 00 00
 0b d4 02 02 0f 00 16 1b 02 03 09 06 01 00 02 07 00 ff 06 00
 00 00 00 02 02 0f 00 16 1b 02 03 09 06 01 00 03 07 00 ff 06
 00 00 00 00 02 02 0f 00 16 1d 02 03 09 06 01 00 04 07 00 ff
 06 00 00 01 1e 02 02 0f 00 16 1d 02 03 09 06 01 00 1f 07 00
 ff 10 00 2a 02 02 0f ff 16 21 02 03 09 06 01 00 47 07 00 ff
 10 00 5f 02 02 0f ff 16 21 02 03 09 06 01 00 20 07 00 ff 12
 08 e4 02 02 0f ff 16 23 02 03 09 06 01 00 34 07 00 ff 12 08
 df 02 02 0f ff 16 23 02 03 09 06 01 00 48 07 00 ff 12 08 e6
 02 02 0f ff 16 23 02 02 09 06 00 00 01 00 00 ff 09 0c 07 e5
 0b 1c 00 14 00 00 ff 80 00 ff 02 03 09 06 01 00 01 08 00 ff
 06 00 76 d3 0e 02 02 0f 01 16 1e 02 03 09 06 01 00 02 08 00
 ff 06 00 00 00 00 02 02 0f 01 16 1e 02 03 09 06 01 00 03 08
 00 ff 06 00 00 00 50 02 02 0f 01 16 20 02 03 09 06 01 00 04
 08 00 ff 06 00 1a 1b d2 02 02 0f 01 16 20 61 ea 7e
['Sun, 28 November 2021 20:00:14']
 7e a0 2a 41 08 83 13 04 13 e6 e7 00 0f 40 00 00 00 00 01 01
 02 03 09 06 01 00 01 07 00 ff 06 00 00 0b ca 02 02 0f 00 16
 1b 8e 28 7e 7e a0 2a 41 08 83 13 04 13 e6 e7 00 0f 40 00 00
 00 00 01 01 02 03 09 06 01 00 01 07 00 ff 06 00 00 0b d8 02
 02 0f 00 16 1b fc aa 7e
['Sun, 28 November 2021 20:02:15']
 7e a0 2a 41 08 83 13 04 13 e6 e7 00 0f 40 00 00 00 00 01 01
 02 03 09 06 01 00 01 07 00 ff 06 00 00 0b a0 02 02 0f 00 16
 1b 5c 65 7e 7e a0 2a 41 08 83 13 04 13 e6 e7 00 0f 40 00 00
 00 00 01 01 02 03 09 06 01 00 01 07 00 ff 06 00 00 13 83 02
 02 0f 00 16 1b 75 d8 7e
['Sun, 28 November 2021 20:02:20']
 7e a0 2a 41 08 83 13 04 13 e6 e7 00 0f 40 00 00 00 00 01 01
 02 03 09 06 01 00 01 07 00 ff 06 00 00 13 83 02 02 0f 00 16
 1b 75 d8 7e 7e a1 0b 41 08 83 13 fa 7c e6 e7 00 0f 40 00 00
 00 00 01 0c 02 02 09 06 01 01 00 02 81 ff 0a 0b 41 49 44 4f
 4e 5f 56 30 30 30 31 02 02 09 06 00 00 60 01 00 ff 0a 10 37
 33 35 39 39 39 32 39 30 35 34 37 38 33 36 32 02 02 09 06 00
 00 60 01 07 ff 0a 04 36 35 32 35 02 03 09 06 01 00 01 07 00
 ff 06 00 00 07 f0 02 02 0f 00 16 1b 02 03 09 06 01 00 02 07
 00 ff 06 00 00 00 00 02 02 0f 00 16 1b 02 03 09 06 01 00 03
 07 00 ff 06 00 00 00 00 02 02 0f 00 16 1d 02 03 09 06 01 00
 04 07 00 ff 06 00 00 01 56 02 02 0f 00 16 1d 02 03 09 06 01
 00 1f 07 00 ff 10 00 2b 02 02 0f ff 16 21 02 03 09 06 01 00
 47 07 00 ff 10 00 b5 02 02 0f ff
['Sun, 28 November 2021 20:02:22']
 7e a1 0b 41 08 83 13 fa 7c e6 e7 00 0f 40 00 00 00 00 01 0c
 02 02 09 06 01 01 00 02 81 ff 0a 0b 41 49 44 4f 4e 5f 56 30
 30 30 31 02 02 09 06 00 00 60 01 00 ff 0a 10 37 33 35 39 39
 39 32 39 30 35 34 37 38 33 36 32 02 02 09 06 00 00 60 01 07
 ff 0a 04 36 35 32 35 02 03 09 06 01 00 01 07 00 ff 06 00 00
 07 f0 02 02 0f 00 16 1b 02 03 09 06 01 00 02 07 00 ff 06 00
 00 00 00 02 02 0f 00 16 1b 02 03 09 06 01 00 03 07 00 ff 06
 00 00 00 00 02 02 0f 00 16 1d 02 03 09 06 01 00 04 07 00 ff
 06 00 00 01 56 02 02 0f 00 16 1d 02 03 09 06 01 00 1f 07 00
 ff 10 00 2b 02 02 0f ff 16 21 02 03 09 06 01 00 47 07 00 ff
 10 00 b5 02 02 0f ff 16 21 02 03 09 06 01 00 20 07 00 ff 12
 08 df 02 02 0f ff 16 23 02 03 09 06 01 00 34 07 00 ff 12 08
 c9 02 02 0f ff 16 23 02 03 09 06 01 00 48 07 00 ff 12 08 d6
 02 02 0f ff 16 23 f7 66 7e 7e a0 2a 41 08 83 13 04 13 e6 e7
 00 0f 40 00 00 00 00 01 01 02 03 09 06 01 00 01 07 00 ff 06
 00 00 07 f0 02 02 0f 00 16 1b f1 2c 7e
['Sun, 28 November 2021 20:02:27']
 7e a0 2a 41 08 83 13 04 13 e6 e7 00 0f 40 00 00 00 00 01 01
 02 03 09 06 01 00 01 07 00 ff 06 00 00 08 3c 02 02 0f 00 16
 1b c2 6d 7e 7e a0 2a 41 08 83 13 04 13 e6 e7 00 0f 40 00 00
 00 00 01 01 02 03 09 06 01 00 01 07 00 ff 06 00 00 07 e7 02
 02 0f 00 16 1b 20 5e 7e
['Sun, 28 November 2021 20:04:07']
 7e a0 2a 41 08 83 13 04 13 e6 e7 00 0f 40 00 00 00 00 01 01
 02 03 09 06 01 00 01 07 00 ff 06 00 00 08 2a 02 02 0f 00 16
 1b c6 80 7e 7e a0 2a 41 08 83 13 04 13 e6 e7 00 0f 40 00 00
 00 00 01 01 02 03 09 06 01 00 01 07 00 ff 06 00 00 08 47 02
 02 0f 00 16 1b 0c 0a 7e
['Sun, 28 November 2021 20:04:11']
 7e a1 0b 41 08 83 13 fa 7c e6 e7 00 0f 40 00 00 00 00 01 0c
 02 02 09 06 01 01 00 02 81 ff 0a 0b 41 49 44 4f 4e 5f 56 30
 30 30 31 02 02 09 06 00 00 60 01 00 ff 0a 10 37 33 35 39 39
 39 32 39 30 35 34 37 38 33 36 32 02 02 09 06 00 00 60 01 07
 ff 0a 04 36 35 32 35 02 03 09 06 01 00 01 07 00 ff 06 00 00
 08 47 02 02 0f 00 16 1b 02 03 09 06 01 00 02 07 00 ff 06 00
 00 00 00 02 02 0f 00 16 1b 02 03 09 06 01 00 03 07 00 ff 06
 00 00 00 00 02 02 0f 00 16 1d 02 03 09 06 01 00 04 07 00 ff
 06 00 00 01 45 02 02 0f 00 16 1d 02 03 09 06 01 00 1f 07 00
 ff 10 00 2b 02 02 0f ff 16 21 02 03 09 06 01 00 47 07 00 ff
 10 00 39 02 02 0f ff 16 21 02 03 09 06 01 00 20 07 00 ff 12
 08 e6 02 02 0f ff 16 23 02 03 09 06 01 00 34 07 00 ff 12 08
 db 02 02 0f ff 16 23 02 03 09 06 01 00 48 07 00 ff 12 08 e8
 02 02 0f ff 16 23 b7 1d 7e
['Sun, 28 November 2021 20:04:15']
 7e a0 2a 41 08 83 13 04 13 e6 e7 00 0f 40 00 00 00 00 01 01
 02 03 09 06 01 00 01 07 00 ff 06 00 00 0b ed 02 02 0f 00 16
 1b 15 8c 7e 7e a0 2a 41 08 83 13 04 13 e6 e7 00 0f 40 00 00
 00 00 01 01 02 03 09 06 01 00 01 07 00 ff 06 00 00 0b f8 02
 02 0f 00 16 1b 7f c9 7e
['Sun, 28 November 2021 20:04:20']
 7e a0 2a 41 08 83 13 04 13 e6 e7 00 0f 40 00 00 00 00 01 01
 02 03 09 06 01 00 01 07 00 ff 06 00 00 10 2a 02 02 0f 00 16
 1b 02 f6 7e 7e a1 0b 41 08 83 13 fa 7c e6 e7 00 0f 40 00 00
 00 00 01 0c 02 02 09 06 01 01 00 02 81 ff 0a 0b 41 49 44 4f
 4e 5f 56 30 30 30 31 02 02 09 06 00 00 60 01 00 ff 0a 10 37
 33 35 39 39 39 32 39 30 35 34 37 38 33 36 32 02 02 09 06 00
 00 60 01 07 ff 0a 04 36 35 32 35 02 03 09 06 01 00 01 07 00
 ff 06 00 00 0b ef 02 02 0f 00 16 1b 02 03 09 06 01 00 02 07
 00 ff 06 00 00 00 00 02 02 0f 00 16 1b 02 03 09 06 01 00 03
 07 00 ff 06 00 00 00 00 02 02 0f 00 16 1d 02 03 09 06 01 00
 04 07 00 ff 06 00 00 07 49 02 02 0f 00 16 1d 02 03 09 06 01
 00 1f 07 00 ff 10 00 2c 02 02 0f ff 16 21 02 03 09 06 01 00
 47
['Sun, 28 November 2021 20:04:22']
 7e a1 0b 41 08 83 13 fa 7c e6 e7 00 0f 40 00 00 00 00 01 0c
 02 02 09 06 01 01 00 02 81 ff 0a 0b 41 49 44 4f 4e 5f 56 30
 30 30 31 02 02 09 06 00 00 60 01 00 ff 0a 10 37 33 35 39 39
 39 32 39 30 35 34 37 38 33 36 32 02 02 09 06 00 00 60 01 07
 ff 0a 04 36 35 32 35 02 03 09 06 01 00 01 07 00 ff 06 00 00
 0b ef 02 02 0f 00 16 1b 02 03 09 06 01 00 02 07 00 ff 06 00
 00 00 00 02 02 0f 00 16 1b 02 03 09 06 01 00 03 07 00 ff 06
 00 00 00 00 02 02 0f 00 16 1d 02 03 09 06 01 00 04 07 00 ff
 06 00 00 07 49 02 02 0f 00 16 1d 02 03 09 06 01 00 1f 07 00
 ff 10 00 2c 02 02 0f ff 16 21 02 03 09 06 01 00 47 07 00 ff
 10 00 b5 02 02 0f ff 16 21 02 03 09 06 01 00 20 07 00 ff 12
 08 e9 02 02 0f ff 16 23 02 03 09 06 01 00 34 07 00 ff 12 08
 df 02 02 0f ff 16 23 02 03 09 06 01 00 48 07 00 ff 12 08 d3
 02 02 0f ff 16 23 4f af 7e 7e a0 2a 41 08 83 13 04 13 e6 e7
 00 0f 40 00 00 00 00 01 01 02 03 09 06 01 00 01 07 00 ff 06
 00 00 0b ef 02 02 0f 00 16 1b ae bb 7e
['Sun, 28 November 2021 20:04:27']
 7e a0 2a 41 08 83 13 04 13 e6 e7 00 0f 40 00 00 00 00 01 01
 02 03 09 06 01 00 01 07 00 ff 06 00 00 08 26 02 02 0f 00 16
 1b 5c 31 7e 7e a0 2a 41 08 83 13 04 13 e6 e7 00 0f 40 00 00
 00 00 01 01 02 03 09 06 01 00 01 07 00 ff 06 00 00 08 26 02
 02 0f 00 16 1b 5c 31 7e
['Sun, 28 November 2021 20:04:31']
 7e a1 0b 41 08 83 13 fa 7c e6 e7 00 0f 40 00 00 00 00 01 0c
 02 02 09 06 01 01 00 02 81 ff 0a 0b 41 49 44 4f 4e 5f 56 30
 30 30 31 02 02 09 06 00 00 60 01 00 ff 0a 10 37 33 35 39 39
 39 32 39 30 35 34 37 38 33 36 32 02 02 09 06 00 00 60 01 07
 ff 0a 04 36 35 32 35 02 03 09 06 01 00 01 07 00 ff 06 00 00
 08 44 02 02 0f 00 16 1b 02 03 09 06 01 00 02 07 00 ff 06 00
 00 00 00 02 02 0f 00 16 1b 02 03 09 06 01 00 03 07 00 ff 06
 00 00 00 00 02 02 0f 00 16 1d 02 03 09 06 01 00 04 07 00 ff
 06 00 00 01 46 02 02 0f 00 16 1d 02 03 09 06 01 00 1f 07 00
 ff 10 00 2a 02 02 0f ff 16 21 02 03 09 06 01 00 47 07 00 ff
 10 00 3b 02 02 0f ff 16 21 02 03 09 06 01 00 20 07 00 ff 12
 08 eb 02 02 0f ff 16 23 02 03 09 06 01 00 34 07 00 ff 12 08
 e2 02 02 0f ff 16 23 02 03 09 06 01 00 48 07 00 ff 12 08 e6
 02 02 0f ff 16 23 85 32 7e
['Sun, 28 November 2021 20:04:35']
 7e a0 2a 41 08 83 13 04 13 e6 e7 00 0f 40 00 00 00 00 01 01
 02 03 09 06 01 00 01 07 00 ff 06 00 00 08 29 02 02 0f 00 16
 1b a8 28 7e 7e a0 2a 41 08 83 13 04 13 e6 e7 00 0f 40 00 00
 00 00 01 01 02 03 09 06 01 00 01 07 00 ff 06 00 00 08 2f 02
 02 0f 00 16 1b 65 70 7e
['Sun, 28 November 2021 20:04:40']
 7e a0 2a 41 08 83 13 04 13 e6 e7 00 0f 40 00 00 00 00 01 01
 02 03 09 06 01 00 01 07 00 ff 06 00 00 08 3d 02 02 0f 00 16
 1b 17 f2 7e 7e a1 0b 41 08 83 13 fa 7c e6 e7 00 0f 40 00 00
 00 00 01 0c 02 02 09 06 01 01 00 02 81 ff 0a 0b 41 49 44 4f
 4e 5f 56 30 30 30 31 02 02 09 06 00 00 60 01 00 ff 0a 10 37
 33 35 39 39 39 32 39 30 35 34 37 38 33 36 32 02 02 09 06 00
 00 60 01 07 ff 0a 04 36 35 32 35 02 03 09 06 01 00 01 07 00
 ff 06 00 00 08 3d 02 02 0f 00 16 1b 02 03 09 06 01 00 02 07
 00 ff 06 00 00 00 00 02 02 0f 00 16 1b 02 03 09 06 01 00 03
 07 00 ff 06 00 00 00 00 02 02 0f 00 16 1d 02 03 09 06 01 00
 04 07 00 ff 06 00 00 01 5e 02 02 0f 00 16 1d 02 03 09 06 01
 00 1f 07 00 ff 10 00 2b 02 02 0f ff 16 21 02 03 09 06 01 00
 47 07 00 ff 10 00 3a 02 02 0f
['Sun, 28 November 2021 20:04:42']
 7e a1 0b 41 08 83 13 fa 7c e6 e7 00 0f 40 00 00 00 00 01 0c
 02 02 09 06 01 01 00 02 81 ff 0a 0b 41 49 44 4f 4e 5f 56 30
 30 30 31 02 02 09 06 00 00 60 01 00 ff 0a 10 37 33 35 39 39
 39 32 39 30 35 34 37 38 33 36 32 02 02 09 06 00 00 60 01 07
 ff 0a 04 36 35 32 35 02 03 09 06 01 00 01 07 00 ff 06 00 00
 08 3d 02 02 0f 00 16 1b 02 03 09 06 01 00 02 07 00 ff 06 00
 00 00 00 02 02 0f 00 16 1b 02 03 09 06 01 00 03 07 00 ff 06
 00 00 00 00 02 02 0f 00 16 1d 02 03 09 06 01 00 04 07 00 ff
 06 00 00 01 5e 02 02 0f 00 16 1d 02 03 09 06 01 00 1f 07 00
 ff 10 00 2b 02 02 0f ff 16 21 02 03 09 06 01 00 47 07 00 ff
 10 00 3a 02 02 0f ff 16 21 02 03 09 06 01 00 20 07 00 ff 12
 08 e1 02 02 0f ff 16 23 02 03 09 06 01 00 34 07 00 ff 12 08
 d5 02 02 0f ff 16 23 02 03 09 06 01 00 48 07 00 ff 12 08 e2
 02 02 0f ff 16 23 a4 06 7e 7e a0 2a 41 08 83 13 04 13 e6 e7
 00 0f 40 00 00 00 00 01 01 02 03 09 06 01 00 01 07 00 ff 06
 00 00 08 30 02 02 0f 00 16 1b 58 dc 7e
['Sun, 28 November 2021 20:04:47']
 7e a0 2a 41 08 83 13 04 13 e6 e7 00 0f 40 00 00 00 00 01 01
 02 03 09 06 01 00 01 07 00 ff 06 00 00 08 3e 02 02 0f 00 16
 1b 79 5a 7e 7e a0 2a 41 08 83 13 04 13 e6 e7 00 0f 40 00 00
 00 00 01 01 02 03 09 06 01 00 01 07 00 ff 06 00 00 08 f5 02
 02 0f 00 16 1b e0 6d 7e
['Sun, 28 November 2021 20:04:51']
 7e a1 0b 41 08 83 13 fa 7c e6 e7 00 0f 40 00 00 00 00 01 0c
 02 02 09 06 01 01 00 02 81 ff 0a 0b 41 49 44 4f 4e 5f 56 30
 30 30 31 02 02 09 06 00 00 60 01 00 ff 0a 10 37 33 35 39 39
 39 32 39 30 35 34 37 38 33 36 32 02 02 09 06 00 00 60 01 07
 ff 0a 04 36 35 32 35 02 03 09 06 01 00 01 07 00 ff 06 00 00
 14 19 02 02 0f 00 16 1b 02 03 09 06 01 00 02 07 00 ff 06 00
 00 00 00 02 02 0f 00 16 1b 02 03 09 06 01 00 03 07 00 ff 06
 00 00 00 00 02 02 0f 00 16 1d 02 03 09 06 01 00 04 07 00 ff
 06 00 00 01 57 02 02 0f 00 16 1d 02 03 09 06 01 00 1f 07 00
 ff 10 00 2b 02 02 0f ff 16 21 02 03 09 06 01 00 47 07 00 ff
 10 00 3c 02 02 0f ff 16 21 02 03 09 06 01 00 20 07 00 ff 12
 08 e2 02 02 0f ff 16 23 02 03 09 06 01 00 34 07 00 ff 12 08
 d6 02 02 0f ff 16 23 02 03 09 06 01 00 48 07 00 ff 12 08 e3
 02 02 0f ff 16 23 b2 91 7e
['Sun, 28 November 2021 20:04:55']
 7e a0 2a 41 08 83 13 04 13 e6 e7 00 0f 40 00 00 00 00 01 01
 02 03 09 06 01 00 01 07 00 ff 06 00 00 14 19 02 02 0f 00 16
 1b f8 9e 7e 7e a0 2a 41 08 83 13 04 13 e6 e7 00 0f 40 00 00
 00 00 01 01 02 03 09 06 01 00 01 07 00 ff 06 00 00 14 40 02
 02 0f 00 16 1b 0e ad 7e
['Sun, 28 November 2021 20:05:00']
 7e a0 2a 41 08 83 13 04 13 e6 e7 00 0f 40 00 00 00 00 01 01
 02 03 09 06 01 00 01 07 00 ff 06 00 00 14 40 02 02 0f 00 16
 1b 0e ad 7e 7e a1 0b 41 08 83 13 fa 7c e6 e7 00 0f 40 00 00
 00 00 01 0c 02 02 09 06 01 01 00 02 81 ff 0a 0b 41 49 44 4f
 4e 5f 56 30 30 30 31 02 02 09 06 00 00 60 01 00 ff 0a 10 37
 33 35 39 39 39 32 39 30 35 34 37 38 33 36 32 02 02 09 06 00
 00 60 01 07 ff 0a 04 36 35 32 35 02 03 09 06 01 00 01 07 00
 ff 06 00 00 14 2a 02 02 0f 00 16 1b 02 03 09 06 01 00 02 07
 00 ff 06 00 00 00 00 02 02 0f 00 16 1b 02 03 09 06 01 00 03
 07 00 ff 06 00 00 00 00 02 02 0f 00 16 1d 02 03 09 06 01 00
 04 07 00 ff 06 00 00 01 6c 02 02 0f 00 16 1d 02 03 09 06 01
 00 1f 07 00 ff 10 00 2b 02 02 0f ff 16 21 02 03 09 06 01 00
 47 07 00 ff 10 00 be 02 02 0f ff 16 21 02 03 09 06 01
['Sun, 28 November 2021 20:05:02']
 7e a1 0b 41 08 83 13 fa 7c e6 e7 00 0f 40 00 00 00 00 01 0c
 02 02 09 06 01 01 00 02 81 ff 0a 0b 41 49 44 4f 4e 5f 56 30
 30 30 31 02 02 09 06 00 00 60 01 00 ff 0a 10 37 33 35 39 39
 39 32 39 30 35 34 37 38 33 36 32 02 02 09 06 00 00 60 01 07
 ff 0a 04 36 35 32 35 02 03 09 06 01 00 01 07 00 ff 06 00 00
 14 2a 02 02 0f 00 16 1b 02 03 09 06 01 00 02 07 00 ff 06 00
 00 00 00 02 02 0f 00 16 1b 02 03 09 06 01 00 03 07 00 ff 06
 00 00 00 00 02 02 0f 00 16 1d 02 03 09 06 01 00 04 07 00 ff
 06 00 00 01 6c 02 02 0f 00 16 1d 02 03 09 06 01 00 1f 07 00
 ff 10 00 2b 02 02 0f ff 16 21 02 03 09 06 01 00 47 07 00 ff
 10 00 be 02 02 0f ff 16 21 02 03 09 06 01 00 20 07 00 ff 12
 08 dd 02 02 0f ff 16 23 02 03 09 06 01 00 34 07 00 ff 12 08
 d2 02 02 0f ff 16 23 02 03 09 06 01 00 48 07 00 ff 12 08 ce
 02 02 0f ff 16 23 ac 6d 7e 7e a0 2a 41 08 83 13 04 13 e6 e7
 00 0f 40 00 00 00 00 01 01 02 03 09 06 01 00 01 07 00 ff 06
 00 00 14 2b 02 02 0f 00 16 1b 09 7f 7e
['Sun, 28 November 2021 20:05:07']
 7e a0 2a 41 08 83 13 04 13 e6 e7 00 0f 40 00 00 00 00 01 01
 02 03 09 06 01 00 01 07 00 ff 06 00 00 08 be 02 02 0f 00 16
 1b 64 dc 7e 7e a0 2a 41 08 83 13 04 13 e6 e7 00 0f 40 00 00
 00 00 01 01 02 03 09 06 01 00 01 07 00 ff 06 00 00 08 c5 02
 02 0f 00 16 1b aa bb 7e
['Sun, 28 November 2021 20:05:10']
 7e a1 0b 41 08 83 13 fa 7c e6 e7 00 0f 40 00 00 00 00 01 0c
 02 02 09 06 01 01 00 02 81 ff 0a 0b 41 49 44 4f 4e 5f 56 30
 30 30 31 02 02 09 06 00 00 60 01 00 ff 0a 10 37 33 35 39 39
 39 32 39 30 35 34 37 38 33 36 32 02 02 09 06 00 00 60 01 07
 ff 0a 04 36 35 32 35 02 03 09 06 01 00 01 07 00 ff 06 00 00
 08 c5 02 02 0f 00 16 1b 02 03 09 06 01 00 02 07 00 ff 06 00
 00 00 00 02 02 0f 00 16 1b 02 03 09 06 01 00 03 07 00 ff 06
 00 00 00 00 02 02 0f 00 16 1d 02 03 09 06 01 00 04 07 00 ff
 06 00 00 01 65 02 02 0f 00 16 1d 02 03 09 06 01 00 1f 07 00
 ff 10 00 2b 02 02 0f ff 16 21 02 03 09 06 01 00 47 07 00 ff
 10 00 3f 02 02 0f ff 16 21 02 03 09 06 01 00 20 07 00 ff
['Sun, 28 November 2021 20:05:12']
 7e a1 0b 41 08 83 13 fa 7c e6 e7 00 0f 40 00 00 00 00 01 0c
 02 02 09 06 01 01 00 02 81 ff 0a 0b 41 49 44 4f 4e 5f 56 30
 30 30 31 02 02 09 06 00 00 60 01 00 ff 0a 10 37 33 35 39 39
 39 32 39 30 35 34 37 38 33 36 32 02 02 09 06 00 00 60 01 07
 ff 0a 04 36 35 32 35 02 03 09 06 01 00 01 07 00 ff 06 00 00
 08 c5 02 02 0f 00 16 1b 02 03 09 06 01 00 02 07 00 ff 06 00
 00 00 00 02 02 0f 00 16 1b 02 03 09 06 01 00 03 07 00 ff 06
 00 00 00 00 02 02 0f 00 16 1d 02 03 09 06 01 00 04 07 00 ff
 06 00 00 01 65 02 02 0f 00 16 1d 02 03 09 06 01 00 1f 07 00
 ff 10 00 2b 02 02 0f ff 16 21 02 03 09 06 01 00 47 07 00 ff
 10 00 3f 02 02 0f ff 16 21 02 03 09 06 01 00 20 07 00 ff 12
 08 e2 02 02 0f ff 16 23 02 03 09 06 01 00 34 07 00 ff 12 08
 d4 02 02 0f ff 16 23 02 03 09 06 01 00 48 07 00 ff 12 08 df
 02 02 0f ff 16 23 d6 5a 7e 7e a0 2a 41 08 83 13 04 13 e6 e7
 00 0f 40 00 00 00 00 01 01 02 03 09 06 01 00 01 07 00 ff 06
 00 00 08 bd 02 02 0f 00 16 1b 0a 74 7e
['Sun, 28 November 2021 20:05:15']
 7e a0 2a 41 08 83 13 04 13 e6 e7 00 0f 40 00 00 00 00 01 01
 02 03 09 06 01 00 01 07 00 ff 06 00 00 08 c9 02 02 0f 00 16
 1b 30 0a 7e
['Sun, 28 November 2021 20:05:19']
 7e a0 2a 41 08 83 13 04 13 e6 e7 00 0f 40 00 00 00 00 01 01
 02 03 09 06 01 00 01 07 00 ff 06 00 00 08 a4 02 02 0f 00 16
 1b fa 80 7e 7e a1 0b 41 08 83
['Sun, 28 November 2021 20:05:21']
 7e a1 0b 41 08 83 13 fa 7c e6 e7 00 0f 40 00 00 00 00 01 0c
 02 02 09 06 01 01 00 02 81 ff 0a 0b 41 49 44 4f 4e 5f 56 30
 30 30 31 02 02 09 06 00 00 60 01 00 ff 0a 10 37 33 35 39 39
 39 32 39 30 35 34 37 38 33 36 32 02 02 09 06 00 00 60 01 07
 ff 0a 04 36 35 32 35 02 03 09 06 01 00 01 07 00 ff 06 00 00
 08 95 02 02 0f 00 16 1b 02 03 09 06 01 00 02 07 00 ff 06 00
 00 00 00 02 02 0f 00 16 1b 02 03 09 06 01 00 03 07 00 ff 06
 00 00 00 00 02 02 0f 00 16 1d 02 03 09 06 01 00 04 07 00 ff
 06 00 00 01 79 02 02 0f 00 16 1d 02 03 09 06 01 00 1f 07 00
 ff 10 00 2a 02 02 0f ff 16 21 02 03 09 06 01 00 47 07 00 ff
 10 00 3e 02 02 0f ff 16 21 02 03 09 06 01 00 20 07 00 ff 12
 08 ea 02 02 0f ff 16 23 02 03 09 06 01 00 34 07 00 ff 12 08
 e4 02 02 0f ff 16 23 02 03 09 06 01 00 48 07 00 ff 12 08 e5
 02 02 0f ff 16 23 c5 e6 7e
['Sun, 28 November 2021 20:05:24']
 7e a0 2a 41 08 83 13 04 13 e6 e7 00 0f 40 00 00 00 00 01 01
 02 03 09 06 01 00 01 07 00 ff 06 00 00 08 95 02 02 0f 00 16
 1b 65 c9 7e 7e a0 2a 41 08 83 13 04 13
['Sun, 28 November 2021 20:05:27']
 7e a0 2a 41 08 83 13 04 13 e6 e7 00 0f 40 00 00 00 00 01 01
 02 03 09 06 01 00 01 07 00 ff 06 00 00 10 aa 02 02 0f 00 16
 1b 1f 70 7e 7e a0 2a 41 08 83 13 04 13 e6 e7 00 0f 40 00 00
 00 00 01 01 02 03 09 06 01 00 01 07 00 ff 06 00 00 10 aa 02
 02 0f 00 16 1b 1f 70 7e
['Sun, 28 November 2021 20:05:30']
 7e a1 0b 41 08 83 13 fa 7c e6 e7 00 0f 40 00 00 00 00 01 0c
 02 02 09 06 01 01 00 02 81 ff 0a 0b 41 49 44 4f 4e 5f 56 30
 30 30 31 02 02 09 06 00 00 60 01 00 ff 0a 10 37 33 35 39 39
 39 32 39 30 35 34 37 38 33 36 32 02 02 09 06 00 00 60 01 07
 ff 0a 04 36 35 32 35 02 03 09 06 01 00 01 07 00 ff 06 00 00
 08 c0 02 02 0f 00 16 1b 02 03 09 06 01 00 02 07 00 ff 06 00
 00 00 00 02 02 0f 00 16 1b 02 03 09 06 01 00 03 07 00 ff 06
 00 00 00 00 02 02 0f 00 16 1d 02 03 09 06 01 00 04 07 00 ff
 06 00 00 01 69 02 02 0f 00 16 1d 02 03 09 06 01 00 1f 07 00
 ff 10 00 2a 02 02 0f ff 16 21 02 03 09 06 01 00 47 07 00 ff
 10 00 95 02 02 0f ff 16 21 02 03 09 06 01 00 20 07 00 ff 12
 08 e7 02 02 0f ff 16 23 02
['Sun, 28 November 2021 20:05:32']
 7e a1 0b 41 08 83 13 fa 7c e6 e7 00 0f 40 00 00 00 00 01 0c
 02 02 09 06 01 01 00 02 81 ff 0a 0b 41 49 44 4f 4e 5f 56 30
 30 30 31 02 02 09 06 00 00 60 01 00 ff 0a 10 37 33 35 39 39
 39 32 39 30 35 34 37 38 33 36 32 02 02 09 06 00 00 60 01 07
 ff 0a 04 36 35 32 35 02 03 09 06 01 00 01 07 00 ff 06 00 00
 08 c0 02 02 0f 00 16 1b 02 03 09 06 01 00 02 07 00 ff 06 00
 00 00 00 02 02 0f 00 16 1b 02 03 09 06 01 00 03 07 00 ff 06
 00 00 00 00 02 02 0f 00 16 1d 02 03 09 06 01 00 04 07 00 ff
 06 00 00 01 69 02 02 0f 00 16 1d 02 03 09 06 01 00 1f 07 00
 ff 10 00 2a 02 02 0f ff 16 21 02 03 09 06 01 00 47 07 00 ff
 10 00 95 02 02 0f ff 16 21 02 03 09 06 01 00 20 07 00 ff 12
 08 e7 02 02 0f ff 16 23 02 03 09 06 01 00 34 07 00 ff 12 08
 d8 02 02 0f ff 16 23 02 03 09 06 01 00 48 07 00 ff 12 08 db
 02 02 0f ff 16 23 01 93 7e 7e a0 2a 41 08 83 13 04 13 e6 e7
 00 0f 40 00 00 00 00 01 01 02 03 09 06 01 00 01 07 00 ff 06
 00 00 0c 71 02 02 0f 00 16 1b 55 92 7e
['Sun, 28 November 2021 20:05:35']
 7e a0 2a 41 08 83 13 04 13 e6 e7 00 0f 40 00 00 00 00 01 01
 02 03 09 06 01 00 01 07 00 ff 06 00 00 14 3e 02 02 0f 00 16
 1b 63 3a 7e
['Sun, 28 November 2021 20:05:39']
 7e a0 2a 41 08 83 13 04 13 e6 e7 00 0f 40 00 00 00 00 01 01
 02 03 09 06 01 00 01 07 00 ff 06 00 00 0c 70 02 02 0f 00 16
 1b 80 0d 7e 7e a1 0b 41 08 83 13 fa 7c e6 e7 00 0f 40 00
['Sun, 28 November 2021 20:05:41']
 7e a1 0b 41 08 83 13 fa 7c e6 e7 00 0f 40 00 00 00 00 01 0c
 02 02 09 06 01 01 00 02 81 ff 0a 0b 41 49 44 4f 4e 5f 56 30
 30 30 31 02 02 09 06 00 00 60 01 00 ff 0a 10 37 33 35 39 39
 39 32 39 30 35 34 37 38 33 36 32 02 02 09 06 00 00 60 01 07
 ff 0a 04 36 35 32 35 02 03 09 06 01 00 01 07 00 ff 06 00 00
 0c 70 02 02 0f 00 16 1b 02 03 09 06 01 00 02 07 00 ff 06 00
 00 00 00 02 02 0f 00 16 1b 02 03 09 06 01 00 03 07 00 ff 06
 00 00 00 00 02 02 0f 00 16 1d 02 03 09 06 01 00 04 07 00 ff
 06 00 00 01 68 02 02 0f 00 16 1d 02 03 09 06 01 00 1f 07 00
 ff 10 00 2a 02 02 0f ff 16 21 02 03 09 06 01 00 47 07 00 ff
 10 00 66 02 02 0f ff 16 21 02 03 09 06 01 00 20 07 00 ff 12
 08 e6 02 02 0f ff 16 23 02 03 09 06 01 00 34 07 00 ff 12 08
 da 02 02 0f ff 16 23 02 03 09 06 01 00 48 07 00 ff 12 08 de
 02 02 0f ff 16 23 86 89 7e
['Sun, 28 November 2021 20:05:44']
 7e a0 2a 41 08 83 13 04 13 e6 e7 00 0f 40 00 00 00 00 01 01
 02 03 09 06 01 00 01 07 00 ff 06 00 00 14 3a 02 02 0f 00 16
 1b 15 55 7e 7e a0 2a 41 08 83 13 04 13 e6 e7 00 0f 40 00 00
 00 00
['Sun, 28 November 2021 20:05:47']
 7e a0 2a 41 08 83 13 04 13 e6 e7 00 0f 40 00 00 00 00 01 01
 02 03 09 06 01 00 01 07 00 ff 06 00 00 14 39 02 02 0f 00 16
 1b 7b fd 7e 7e a0 2a 41 08 83 13 04 13 e6 e7 00 0f 40 00 00
 00 00 01 01 02 03 09 06 01 00 01 07 00 ff 06 00 00 08 c8 02
 02 0f 00 16 1b e5 95 7e
['Sun, 28 November 2021 20:05:50']
 7e a1 0b 41 08 83 13 fa 7c e6 e7 00 0f 40 00 00 00 00 01 0c
 02 02 09 06 01 01 00 02 81 ff 0a 0b 41 49 44 4f 4e 5f 56 30
 30 30 31 02 02 09 06 00 00 60 01 00 ff 0a 10 37 33 35 39 39
 39 32 39 30 35 34 37 38 33 36 32 02 02 09 06 00 00 60 01 07
 ff 0a 04 36 35 32 35 02 03 09 06 01 00 01 07 00 ff 06 00 00
 10 a6 02 02 0f 00 16 1b 02 03 09 06 01 00 02 07 00 ff 06 00
 00 00 00 02 02 0f 00 16 1b 02 03 09 06 01 00 03 07 00 ff 06
 00 00 00 00 02 02 0f 00 16 1d 02 03 09 06 01 00 04 07 00 ff
 06 00 00 01 72 02 02 0f 00 16 1d 02 03 09 06 01 00 1f 07 00
 ff 10 00 2b 02 02 0f ff 16 21 02 03 09 06 01 00 47 07 00 ff
 10 00 40 02 02 0f ff 16 21 02 03 09 06 01 00 20 07 00 ff 12
 08 e4 02 02 0f ff 16 23 02 03 09 06 01 00 34 07 00 ff 12
['Sun, 28 November 2021 20:05:52']
 7e a1 0b 41 08 83 13 fa 7c e6 e7 00 0f 40 00 00 00 00 01 0c
 02 02 09 06 01 01 00 02 81 ff 0a 0b 41 49 44 4f 4e 5f 56 30
 30 30 31 02 02 09 06 00 00 60 01 00 ff 0a 10 37 33 35 39 39
 39 32 39 30 35 34 37 38 33 36 32 02 02 09 06 00 00 60 01 07
 ff 0a 04 36 35 32 35 02 03 09 06 01 00 01 07 00 ff 06 00 00
 10 a6 02 02 0f 00 16 1b 02 03 09 06 01 00 02 07 00 ff 06 00
 00 00 00 02 02 0f 00 16 1b 02 03 09 06 01 00 03 07 00 ff 06
 00 00 00 00 02 02 0f 00 16 1d 02 03 09 06 01 00 04 07 00 ff
 06 00 00 01 72 02 02 0f 00 16 1d 02 03 09 06 01 00 1f 07 00
 ff 10 00 2b 02 02 0f ff 16 21 02 03 09 06 01 00 47 07 00 ff
 10 00 40 02 02 0f ff 16 21 02 03 09 06 01 00 20 07 00 ff 12
 08 e4 02 02 0f ff 16 23 02 03 09 06 01 00 34 07 00 ff 12 08
 cf 02 02 0f ff 16 23 02 03 09 06 01 00 48 07 00 ff 12 08 df
 02 02 0f ff 16 23 5b 80 7e 7e a0 2a 41 08 83 13 04 13 e6 e7
 00 0f 40 00 00 00 00 01 01 02 03 09 06 01 00 01 07 00 ff 06
 00 00 10 a6 02 02 0f 00 16 1b 85 c1 7e
['Sun, 28 November 2021 20:05:55']
 7e a0 2a 41 08 83 13 04 13 e6 e7 00 0f 40 00 00 00 00 01 01
 02 03 09 06 01 00 01 07 00 ff 06 00 00 08 c6 02 02 0f 00 16
 1b c4 13 7e
['Sun, 28 November 2021 20:05:59']
 7e a0 2a 41 08 83 13 04 13 e6 e7 00 0f 40 00 00 00 00 01 01
 02 03 09 06 01 00 01 07 00 ff 06 00 00 08 c6 02 02 0f 00 16
 1b c4 13 7e 7e a1 0b 41 08 83 13 fa 7c e6 e7 00 0f 40 00 00
 00 00 01 0c 02 02 09 06 01
['Sun, 28 November 2021 20:06:01']
 7e a1 0b 41 08 83 13 fa 7c e6 e7 00 0f 40 00 00 00 00 01 0c
 02 02 09 06 01 01 00 02 81 ff 0a 0b 41 49 44 4f 4e 5f 56 30
 30 30 31 02 02 09 06 00 00 60 01 00 ff 0a 10 37 33 35 39 39
 39 32 39 30 35 34 37 38 33 36 32 02 02 09 06 00 00 60 01 07
 ff 0a 04 36 35 32 35 02 03 09 06 01 00 01 07 00 ff 06 00 00
 08 d4 02 02 0f 00 16 1b 02 03 09 06 01 00 02 07 00 ff 06 00
 00 00 00 02 02 0f 00 16 1b 02 03 09 06 01 00 03 07 00 ff 06
 00 00 00 00 02 02 0f 00 16 1d 02 03 09 06 01 00 04 07 00 ff
 06 00 00 01 6f 02 02 0f 00 16 1d 02 03 09 06 01 00 1f 07 00
 ff 10 00 2b 02 02 0f ff 16 21 02 03 09 06 01 00 47 07 00 ff
 10 00 40 02 02 0f ff 16 21 02 03 09 06 01 00 20 07 00 ff 12
 08 e6 02 02 0f ff 16 23 02 03 09 06 01 00 34 07 00 ff 12 08
 d3 02 02 0f ff 16 23 02 03 09 06 01 00 48 07 00 ff 12 08 e2
 02 02 0f ff 16 23 c1 e1 7e
['Sun, 28 November 2021 20:06:04']
 7e a0 2a 41 08 83 13 04 13 e6 e7 00 0f 40 00 00 00 00 01 01
 02 03 09 06 01 00 01 07 00 ff 06 00 00 08 ce 02 02 0f 00 16
 1b 28 cd 7e 7e a0 2a 41 08 83 13 04 13 e6 e7 00 0f 40 00 00
 00 00 01 01 02 03 09 06 01 00 01 07
['Sun, 28 November 2021 20:06:07']
 7e a0 2a 41 08 83 13 04 13 e6 e7 00 0f 40 00 00 00 00 01 01
 02 03 09 06 01 00 01 07 00 ff 06 00 00 09 01 02 02 0f 00 16
 1b 78 14 7e 7e a0 2a 41 08 83 13 04 13 e6 e7 00 0f 40 00 00
 00 00 01 01 02 03 09 06 01 00 01 07 00 ff 06 00 00 08 c7 02
 02 0f 00 16 1b 11 8c 7e
['Sun, 28 November 2021 20:06:10']
 7e a1 0b 41 08 83 13 fa 7c e6 e7 00 0f 40 00 00 00 00 01 0c
 02 02 09 06 01 01 00 02 81 ff 0a 0b 41 49 44 4f 4e 5f 56 30
 30 30 31 02 02 09 06 00 00 60 01 00 ff 0a 10 37 33 35 39 39
 39 32 39 30 35 34 37 38 33 36 32 02 02 09 06 00 00 60 01 07
 ff 0a 04 36 35 32 35 02 03 09 06 01 00 01 07 00 ff 06 00 00
 08 c7 02 02 0f 00 16 1b 02 03 09 06 01 00 02 07 00 ff 06 00
 00 00 00 02 02 0f 00 16 1b 02 03 09 06 01 00 03 07 00 ff 06
 00 00 00 00 02 02 0f 00 16 1d 02 03 09 06 01 00 04 07 00 ff
 06 00 00 01 6e 02 02 0f 00 16 1d 02 03 09 06 01 00 1f 07 00
 ff 10 00 2a 02 02 0f ff 16 21 02 03 09 06 01 00 47 07 00 ff
 10 00 40 02 02 0f ff 16 21 02 03 09 06 01 00 20 07 00 ff 12
 08 eb 02 02 0f ff 16 23 02 03 09 06 01 00 34 07 00 ff 12 08
 e1 02 02 0f ff 16 23 02
['Sun, 28 November 2021 20:06:12']
 7e a1 0b 41 08 83 13 fa 7c e6 e7 00 0f 40 00 00 00 00 01 0c
 02 02 09 06 01 01 00 02 81 ff 0a 0b 41 49 44 4f 4e 5f 56 30
 30 30 31 02 02 09 06 00 00 60 01 00 ff 0a 10 37 33 35 39 39
 39 32 39 30 35 34 37 38 33 36 32 02 02 09 06 00 00 60 01 07
 ff 0a 04 36 35 32 35 02 03 09 06 01 00 01 07 00 ff 06 00 00
 08 c7 02 02 0f 00 16 1b 02 03 09 06 01 00 02 07 00 ff 06 00
 00 00 00 02 02 0f 00 16 1b 02 03 09 06 01 00 03 07 00 ff 06
 00 00 00 00 02 02 0f 00 16 1d 02 03 09 06 01 00 04 07 00 ff
 06 00 00 01 6e 02 02 0f 00 16 1d 02 03 09 06 01 00 1f 07 00
 ff 10 00 2a 02 02 0f ff 16 21 02 03 09 06 01 00 47 07 00 ff
 10 00 40 02 02 0f ff 16 21 02 03 09 06 01 00 20 07 00 ff 12
 08 eb 02 02 0f ff 16 23 02 03 09 06 01 00 34 07 00 ff 12 08
 e1 02 02 0f ff 16 23 02 03 09 06 01 00 48 07 00 ff 12 08 e6
 02 02 0f ff 16 23 60 45 7e 7e a0 2a 41 08 83 13 04 13 e6 e7
 00 0f 40 00 00 00 00 01 01 02 03 09 06 01 00 01 07 00 ff 06
 00 00 0c 69 02 02 0f 00 16 1b 70 f9 7e
['Sun, 28 November 2021 20:06:15']
 7e a0 2a 41 08 83 13 04 13 e6 e7 00 0f 40 00 00 00 00 01 01
 02 03 09 06 01 00 01 07 00 ff 06 00 00 0c 5e 02 02 0f 00 16
 1b 22 e8 7e
['Sun, 28 November 2021 20:06:19']
 7e a0 2a 41 08 83 13 04 13 e6 e7 00 0f 40 00 00 00 00 01 01
 02 03 09 06 01 00 01 07 00 ff 06 00 00 0c 82 02 02 0f 00 16
 1b 6a ad 7e 7e a1 0b 41 08 83 13 fa 7c e6 e7 00 0f 40 00 00
 00 00 01 0c 02 02 09 06 01 01 00 02 81 ff 0a 0b 41 49
['Sun, 28 November 2021 20:06:21']
 7e a1 0b 41 08 83 13 fa 7c e6 e7 00 0f 40 00 00 00 00 01 0c
 02 02 09 06 01 01 00 02 81 ff 0a 0b 41 49 44 4f 4e 5f 56 30
 30 30 31 02 02 09 06 00 00 60 01 00 ff 0a 10 37 33 35 39 39
 39 32 39 30 35 34 37 38 33 36 32 02 02 09 06 00 00 60 01 07
 ff 0a 04 36 35 32 35 02 03 09 06 01 00 01 07 00 ff 06 00 00
 0c 84 02 02 0f 00 16 1b 02 03 09 06 01 00 02 07 00 ff 06 00
 00 00 00 02 02 0f 00 16 1b 02 03 09 06 01 00 03 07 00 ff 06
 00 00 00 00 02 02 0f 00 16 1d 02 03 09 06 01 00 04 07 00 ff
 06 00 00 01 6f 02 02 0f 00 16 1d 02 03 09 06 01 00 1f 07 00
 ff 10 00 2b 02 02 0f ff 16 21 02 03 09 06 01 00 47 07 00 ff
 10 00 67 02 02 0f ff 16 21 02 03 09 06 01 00 20 07 00 ff 12
 08 e9 02 02 0f ff 16 23 02 03 09 06 01 00 34 07 00 ff 12 08
 e0 02 02 0f ff 16 23 02 03 09 06 01 00 48 07 00 ff 12 08 de
 02 02 0f ff 16 23 b5 4c 7e
['Sun, 28 November 2021 20:06:24']
 7e a0 2a 41 08 83 13 04 13 e6 e7 00 0f 40 00 00 00 00 01 01
 02 03 09 06 01 00 01 07 00 ff 06 00 00 0c 84 02 02 0f 00 16
 1b a7 f5 7e 7e a0 2a 41 08 83 13 04 13 e6 e7 00 0f 40 00 00
 00 00 01 01 02 03 09 06 01 00 01 07 00 ff 06 00 00 08 d2 02
 02
['Sun, 28 November 2021 20:06:27']
 7e a0 2a 41 08 83 13 04 13 e6 e7 00 0f 40 00 00 00 00 01 01
 02 03 09 06 01 00 01 07 00 ff 06 00 00 08 d2 02 02 0f 00 16
 1b 7b c9 7e 7e a0 2a 41 08 83 13 04 13 e6 e7 00 0f 40 00 00
 00 00 01 01 02 03 09 06 01 00 01 07 00 ff 06 00 00 08 d2 02
 02 0f 00 16 1b 7b c9 7e
['Sun, 28 November 2021 20:06:30']
 7e a1 0b 41 08 83 13 fa 7c e6 e7 00 0f 40 00 00 00 00 01 0c
 02 02 09 06 01 01 00 02 81 ff 0a 0b 41 49 44 4f 4e 5f 56 30
 30 30 31 02 02 09 06 00 00 60 01 00 ff 0a 10 37 33 35 39 39
 39 32 39 30 35 34 37 38 33 36 32 02 02 09 06 00 00 60 01 07
 ff 0a 04 36 35 32 35 02 03 09 06 01 00 01 07 00 ff 06 00 00
 0a 0f 02 02 0f 00 16 1b 02 03 09 06 01 00 02 07 00 ff 06 00
 00 00 00 02 02 0f 00 16 1b 02 03 09 06 01 00 03 07 00 ff 06
 00 00 00 00 02 02 0f 00 16 1d 02 03 09 06 01 00 04 07 00 ff
 06 00 00 01 7b 02 02 0f 00 16 1d 02 03 09 06 01 00 1f 07 00
 ff 10 00 2b 02 02 0f ff 16 21 02 03 09 06 01 00 47 07 00 ff
 10 00 67 02 02 0f ff 16 21 02 03 09 06 01 00 20 07 00 ff 12
 08 e8 02 02 0f ff 16 23 02 03 09 06 01 00 34 07 00 ff 12 08
 d9 02 02 0f ff 16 23 02 03 09 06 01 00 48 07 00 ff 12
['Sun, 28 November 2021 20:06:32']
 7e a1 0b 41 08 83 13 fa 7c e6 e7 00 0f 40 00 00 00 00 01 0c
 02 02 09 06 01 01 00 02 81 ff 0a 0b 41 49 44 4f 4e 5f 56 30
 30 30 31 02 02 09 06 00 00 60 01 00 ff 0a 10 37 33 35 39 39
 39 32 39 30 35 34 37 38 33 36 32 02 02 09 06 00 00 60 01 07
 ff 0a 04 36 35 32 35 02 03 09 06 01 00 01 07 00 ff 06 00 00
 0a 0f 02 02 0f 00 16 1b 02 03 09 06 01 00 02 07 00 ff 06 00
 00 00 00 02 02 0f 00 16 1b 02 03 09 06 01 00 03 07 00 ff 06
 00 00 00 00 02 02 0f 00 16 1d 02 03 09 06 01 00 04 07 00 ff
 06 00 00 01 7b 02 02 0f 00 16 1d 02 03 09 06 01 00 1f 07 00
 ff 10 00 2b 02 02 0f ff 16 21 02 03 09 06 01 00 47 07 00 ff
 10 00 67 02 02 0f ff 16 21 02 03 09 06 01 00 20 07 00 ff 12
 08 e8 02 02 0f ff 16 23 02 03 09 06 01 00 34 07 00 ff 12 08
 d9 02 02 0f ff 16 23 02 03 09 06 01 00 48 07 00 ff 12 08 da
 02 02 0f ff 16 23 cb 8f 7e 7e a0 2a 41 08 83 13 04 13 e6 e7
 00 0f 40 00 00 00 00 01 01 02 03 09 06 01 00 01 07 00 ff 06
 00 00 09 14 02 02 0f 00 16 1b 12 51 7e
['Sun, 28 November 2021 20:06:35']
 7e a0 2a 41 08 83 13 04 13 e6 e7 00 0f 40 00 00 00 00 01 01
 02 03 09 06 01 00 01 07 00 ff 06 00 00 09 1a 02 02 0f 00 16
 1b 33 d7 7e
['Sun, 28 November 2021 20:06:39']
 7e a0 2a 41 08 83 13 04 13 e6 e7 00 0f 40 00 00 00 00 01 01
 02 03 09 06 01 00 01 07 00 ff 06 00 00 10 f2 02 02 0f 00 16
 1b 3c dc 7e 7e a1 0b 41 08 83 13 fa 7c e6 e7 00 0f 40 00 00
 00 00 01 0c 02 02 09 06 01 01 00 02 81 ff 0a 0b 41 49 44 4f
 4e 5f 56 30 30 30 31 02
['Sun, 28 November 2021 20:06:41']
 7e a1 0b 41 08 83 13 fa 7c e6 e7 00 0f 40 00 00 00 00 01 0c
 02 02 09 06 01 01 00 02 81 ff 0a 0b 41 49 44 4f 4e 5f 56 30
 30 30 31 02 02 09 06 00 00 60 01 00 ff 0a 10 37 33 35 39 39
 39 32 39 30 35 34 37 38 33 36 32 02 02 09 06 00 00 60 01 07
 ff 0a 04 36 35 32 35 02 03 09 06 01 00 01 07 00 ff 06 00 00
 10 f2 02 02 0f 00 16 1b 02 03 09 06 01 00 02 07 00 ff 06 00
 00 00 00 02 02 0f 00 16 1b 02 03 09 06 01 00 03 07 00 ff 06
 00 00 00 00 02 02 0f 00 16 1d 02 03 09 06 01 00 04 07 00 ff
 06 00 00 01 57 02 02 0f 00 16 1d 02 03 09 06 01 00 1f 07 00
 ff 10 00 2a 02 02 0f ff 16 21 02 03 09 06 01 00 47 07 00 ff
 10 00 98 02 02 0f ff 16 21 02 03 09 06 01 00 20 07 00 ff 12
 08 e5 02 02 0f ff 16 23 02 03 09 06 01 00 34 07 00 ff 12 08
 d3 02 02 0f ff 16 23 02 03 09 06 01 00 48 07 00 ff 12 08 d3
 02 02 0f ff 16 23 2f 03 7e
['Sun, 28 November 2021 20:06:44']
 7e a0 2a 41 08 83 13 04 13 e6 e7 00 0f 40 00 00 00 00 01 01
 02 03 09 06 01 00 01 07 00 ff 06 00 00 09 0f 02 02 0f 00 16
 1b 59 92 7e 7e a0 2a 41 08 83 13 04 13 e6 e7 00 0f 40 00 00
 00 00 01 01 02 03 09 06 01 00 01 07 00 ff 06 00 00 09 25 02
 02 0f 00 16 1b 8d 18 7e
['Sun, 28 November 2021 20:06:49']
 7e a0 2a 41 08 83 13 04 13 e6 e7 00 0f 40 00 00 00 00 01 01
 02 03 09 06 01 00 01 07 00 ff 06 00 00 09 1e 02 02 0f 00 16
 1b 45 b8 7e 7e a1 0b 41 08 83 13 fa 7c e6 e7 00 0f 40 00 00
 00 00 01 0c 02 02 09 06 01 01 00 02 81 ff 0a 0b 41 49 44 4f
 4e 5f 56 30 30 30 31 02 02 09 06 00 00
['Sun, 28 November 2021 20:06:51']
 7e a1 0b 41 08 83 13 fa 7c e6 e7 00 0f 40 00 00 00 00 01 0c
 02 02 09 06 01 01 00 02 81 ff 0a 0b 41 49 44 4f 4e 5f 56 30
 30 30 31 02 02 09 06 00 00 60 01 00 ff 0a 10 37 33 35 39 39
 39 32 39 30 35 34 37 38 33 36 32 02 02 09 06 00 00 60 01 07
 ff 0a 04 36 35 32 35 02 03 09 06 01 00 01 07 00 ff 06 00 00
 09 42 02 02 0f 00 16 1b 02 03 09 06 01 00 02 07 00 ff 06 00
 00 00 00 02 02 0f 00 16 1b 02 03 09 06 01 00 03 07 00 ff 06
 00 00 00 00 02 02 0f 00 16 1d 02 03 09 06 01 00 04 07 00 ff
 06 00 00 01 7d 02 02 0f 00 16 1d 02 03 09 06 01 00 1f 07 00
 ff 10 00 2a 02 02 0f ff 16 21 02 03 09 06 01 00 47 07 00 ff
 10 00 80 02 02 0f ff 16 21 02 03 09 06 01 00 20 07 00 ff 12
 08 e2 02 02 0f ff 16 23 02 03 09 06 01 00 34 07 00 ff 12 08
 d6 02 02 0f ff 16 23 02 03 09 06 01 00 48 07 00 ff 12 08 d9
 02 02 0f ff 16 23 bc af 7e
['Sun, 28 November 2021 20:06:54']
 7e a0 2a 41 08 83 13 04 13 e6 e7 00 0f 40 00 00 00 00 01 01
 02 03 09 06 01 00 01 07 00 ff 06 00 00 09 42 02 02 0f 00 16
 1b 10 7b 7e 7e a0 2a 41 08 83 13 04 13 e6 e7 00 0f 40 00 00
 00 00 01 01 02 03 09 06 01 00 01 07 00 ff 06 00 00 0c d0 02
 02 0f 00 16 1b 1e e8 7e
['Sun, 28 November 2021 20:06:59']
 7e a0 2a 41 08 83 13 04 13 e6 e7 00 0f 40 00 00 00 00 01 01
 02 03 09 06 01 00 01 07 00 ff 06 00 00 0c d0 02 02 0f 00 16
 1b 1e e8 7e 7e a1 0b 41 08 83 13 fa 7c e6 e7 00 0f 40 00 00
 00 00 01 0c 02 02 09 06 01 01 00 02 81 ff 0a 0b 41 49 44 4f
 4e 5f 56 30 30 30 31 02 02 09 06 00 00 60 01 00 ff 0a
['Sun, 28 November 2021 20:07:02']
 7e a1 0b 41 08 83 13 fa 7c e6 e7 00 0f 40 00 00 00 00 01 0c
 02 02 09 06 01 01 00 02 81 ff 0a 0b 41 49 44 4f 4e 5f 56 30
 30 30 31 02 02 09 06 00 00 60 01 00 ff 0a 10 37 33 35 39 39
 39 32 39 30 35 34 37 38 33 36 32 02 02 09 06 00 00 60 01 07
 ff 0a 04 36 35 32 35 02 03 09 06 01 00 01 07 00 ff 06 00 00
 0c e8 02 02 0f 00 16 1b 02 03 09 06 01 00 02 07 00 ff 06 00
 00 00 00 02 02 0f 00 16 1b 02 03 09 06 01 00 03 07 00 ff 06
 00 00 00 00 02 02 0f 00 16 1d 02 03 09 06 01 00 04 07 00 ff
 06 00 00 01 85 02 02 0f 00 16 1d 02 03 09 06 01 00 1f 07 00
 ff 10 00 2b 02 02 0f ff 16 21 02 03 09 06 01 00 47 07 00 ff
 10 00 6a 02 02 0f ff 16 21 02 03 09 06 01 00 20 07 00 ff 12
 08 e5 02 02 0f ff 16 23 02 03 09 06 01 00 34 07 00 ff 12 08
 da 02 02 0f ff 16 23 02 03 09 06 01 00 48 07 00 ff 12 08 dd
 02 02 0f ff 16 23 87 33 7e 7e a0 2a 41 08 83 13 04 13 e6 e7
 00 0f 40 00 00 00 00 01 01 02 03 09 06 01 00 01 07 00 ff 06
 00 00 0c ce 02 02 0f 00 16 1b f6 db 7e
['Sun, 28 November 2021 20:07:07']
 7e a0 2a 41 08 83 13 04 13 e6 e7 00 0f 40 00 00 00 00 01 01
 02 03 09 06 01 00 01 07 00 ff 06 00 00 0c bc 02 02 0f 00 16
 1b 01 fd 7e 7e a0 2a 41 08 83 13 04 13 e6 e7 00 0f 40 00 00
 00 00 01 01 02 03 09 06 01 00 01 07 00 ff 06 00 00 09 03 02
 02 0f 00 16 1b c3 23 7e
['Sun, 28 November 2021 20:07:10']
 7e a1 0b 41 08 83 13 fa 7c e6 e7 00 0f 40 00 00 00 00 01 0c
 02 02 09 06 01 01 00 02 81 ff 0a 0b 41 49 44 4f 4e 5f 56 30
 30 30 31 02 02 09 06 00 00 60 01 00 ff 0a 10 37 33 35 39 39
 39 32 39 30 35 34 37 38 33 36 32 02 02 09 06 00 00 60 01 07
 ff 0a 04 36 35 32 35 02 03 09 06 01 00 01 07 00 ff 06 00 00
 09 03 02 02 0f 00 16 1b 02 03 09 06 01 00 02 07 00 ff 06 00
 00 00 00 02 02 0f 00 16 1b 02 03 09 06 01 00 03 07 00 ff 06
 00 00 00 00 02 02 0f 00 16 1d 02 03 09 06 01 00 04 07 00 ff
 06 00 00 01 92 02 02 0f 00 16 1d 02 03 09 06 01 00 1f 07 00
 ff 10 00 2a 02 02 0f ff 16 21 02 03 09 06 01 00 47 07 00 ff
 10 00 43 02 02 0f ff 16 21 02 03 09 06 01 00 20 07 00 ff 12
 08 e6 02 02 0f ff 16 23 02 03 09 06 01 00 34 07 00 ff 12 08
 de 02 02 0f ff 16 23 02 03 09 06 01 00 48 07 00 ff 12 08 de
 02 02 0f ff 16 23 54 96 7e
['Sun, 28 November 2021 20:07:14']
 7e a0 2a 41 08 83 13 04 13 e6 e7 00 0f 40 00 00 00 00 01 01
 02 03 09 06 01 00 01 07 00 ff 06 00 00 08 fa 02 02 0f 00 16
 1b 14 74 7e 7e a0 2a 41 08 83 13 04 13 e6 e7 00 0f 40 00 00
 00 00 01 01 02 03 09 06 01 00 01 07 00 ff 06 00 00 08 f0 02
 02 0f 00 16 1b 43 9d 7e
['Sun, 28 November 2021 20:07:19']
 7e a0 2a 41 08 83 13 04 13 e6 e7 00 0f 40 00 00 00 00 01 01
 02 03 09 06 01 00 01 07 00 ff 06 00 00 0b e8 02 02 0f 00 16
 1b b6 7c 7e 7e a1 0b 41 08 83 13 fa 7c e6 e7 00 0f 40 00 00
 00 00 01 0c 02 02 09 06 01 01 00 02 81 ff 0a 0b 41 49 44 4f
 4e 5f 56 30 30 30 31 02 02 09 06 00 00 60 01 00 ff 0a 10 37
 33 35 39 39 39 32 39
['Sun, 28 November 2021 20:07:22']
 7e a1 0b 41 08 83 13 fa 7c e6 e7 00 0f 40 00 00 00 00 01 0c
 02 02 09 06 01 01 00 02 81 ff 0a 0b 41 49 44 4f 4e 5f 56 30
 30 30 31 02 02 09 06 00 00 60 01 00 ff 0a 10 37 33 35 39 39
 39 32 39 30 35 34 37 38 33 36 32 02 02 09 06 00 00 60 01 07
 ff 0a 04 36 35 32 35 02 03 09 06 01 00 01 07 00 ff 06 00 00
 08 f3 02 02 0f 00 16 1b 02 03 09 06 01 00 02 07 00 ff 06 00
 00 00 00 02 02 0f 00 16 1b 02 03 09 06 01 00 03 07 00 ff 06
 00 00 00 00 02 02 0f 00 16 1d 02 03 09 06 01 00 04 07 00 ff
 06 00 00 01 5e 02 02 0f 00 16 1d 02 03 09 06 01 00 1f 07 00
 ff 10 00 29 02 02 0f ff 16 21 02 03 09 06 01 00 47 07 00 ff
 10 00 43 02 02 0f ff 16 21 02 03 09 06 01 00 20 07 00 ff 12
 08 e5 02 02 0f ff 16 23 02 03 09 06 01 00 34 07 00 ff 12 08
 e0 02 02 0f ff 16 23 02 03 09 06 01 00 48 07 00 ff 12 08 e2
 02 02 0f ff 16 23 8a 36 7e 7e a0 2a 41 08 83 13 04 13 e6 e7
 00 0f 40 00 00 00 00 01 01 02 03 09 06 01 00 01 07 00 ff 06
 00 00 08 f3 02 02 0f 00 16 1b 2d 35 7e
['Sun, 28 November 2021 20:07:27']
 7e a0 2a 41 08 83 13 04 13 e6 e7 00 0f 40 00 00 00 00 01 01
 02 03 09 06 01 00 01 07 00 ff 06 00 00 10 cd 02 02 0f 00 16
 1b 82 13 7e 7e a0 2a 41 08 83 13 04 13 e6 e7 00 0f 40 00 00
 00 00 01 01 02 03 09 06 01 00 01 07 00 ff 06 00 00 10 cd 02
 02 0f 00 16 1b 82 13 7e
['Sun, 28 November 2021 20:07:31']
 7e a1 0b 41 08 83 13 fa 7c e6 e7 00 0f 40 00 00 00 00 01 0c
 02 02 09 06 01 01 00 02 81 ff 0a 0b 41 49 44 4f 4e 5f 56 30
 30 30 31 02 02 09 06 00 00 60 01 00 ff 0a 10 37 33 35 39 39
 39 32 39 30 35 34 37 38 33 36 32 02 02 09 06 00 00 60 01 07
 ff 0a 04 36 35 32 35 02 03 09 06 01 00 01 07 00 ff 06 00 00
 09 11 02 02 0f 00 16 1b 02 03 09 06 01 00 02 07 00 ff 06 00
 00 00 00 02 02 0f 00 16 1b 02 03 09 06 01 00 03 07 00 ff 06
 00 00 00 00 02 02 0f 00 16 1d 02 03 09 06 01 00 04 07 00 ff
 06 00 00 01 84 02 02 0f 00 16 1d 02 03 09 06 01 00 1f 07 00
 ff 10 00 2a 02 02 0f ff 16 21 02 03 09 06 01 00 47 07 00 ff
 10 00 43 02 02 0f ff 16 21 02 03 09 06 01 00 20 07 00 ff 12
 08 e8 02 02 0f ff 16 23 02 03 09 06 01 00 34 07 00 ff 12 08
 e1 02 02 0f ff 16 23 02 03 09 06 01 00 48 07 00 ff 12 08 e5
 02 02 0f ff 16 23 bc 7a 7e
['Sun, 28 November 2021 20:07:35']
 7e a0 2a 41 08 83 13 04 13 e6 e7 00 0f 40 00 00 00 00 01 01
 02 03 09 06 01 00 01 07 00 ff 06 00 00 09 0c 02 02 0f 00 16
 1b 37 3a 7e 7e a0 2a 41 08 83 13 04 13 e6 e7 00 0f 40 00 00
 00 00 01 01 02 03 09 06 01 00 01 07 00 ff 06 00 00 14 b4 02
 02 0f 00 16 1b 29 55 7e
['Sun, 28 November 2021 20:07:50']
 02 a9 41 08 83 13 04 13 e6 e7 00 0f 40 00 00 00 00 01 01 02
 03 09 06 01 00 01 07 00 ff 06 00 00 09 1a 02 02 0f 00 16 1b
 33 d7 7e 7e a1 0b 41 08 83 13 fa 7c e6 e7 00 0f 40 00 00 00
 00 01 0c 02 02 09 06 01 01 00 02 81 ff 0a 0b 41 49 44 4f 4e
 5f 56 30 30 30 31 02 02 09 06 00 00 60 01 00 ff 0a 10 37 33
 35 39 39 39 32 39 30 35 34 37 38 33 36 32 02 02 09 06 00 00
 60 01 07 ff 0a 04 36 35 32 35 02 03 09 06 01 00 01 07 00 ff
 06 00 00 08 f4 02 02 0f 00 16 1b 02 03
['Sun, 28 November 2021 20:07:52']
 02 a9 41 08 83 13 04 13 e6 e7 00 0f 40 00 00 00 00 01 01 02
 03 09 06 01 00 01 07 00 ff 06 00 00 09 1a 02 02 0f 00 16 1b
 33 d7 7e 7e a1 0b 41 08 83 13 fa 7c e6 e7 00 0f 40 00 00 00
 00 01 0c 02 02 09 06 01 01 00 02 81 ff 0a 0b 41 49 44 4f 4e
 5f 56 30 30 30 31 02 02 09 06 00 00 60 01 00 ff 0a 10 37 33
 35 39 39 39 32 39 30 35 34 37 38 33 36 32 02 02 09 06 00 00
 60 01 07 ff 0a 04 36 35 32 35 02 03 09 06 01 00 01 07 00 ff
 06 00 00 08 f4 02 02 0f 00 16 1b 02 03 09 06 01 00 02 07 00
 ff 06 00 00 00 00 02 02 0f 00 16 1b 02 03 09 06 01 00 03 07
 00 ff 06 00 00 00 00 02 02 0f 00 16 1d 02 03 09 06 01 00 04
 07 00 ff 06 00 00 01 76 02 02 0f 00 16 1d 02 03 09 06 01 00
 1f 07 00 ff 10 00 2a 02 02 0f ff 16 21 02 03 09 06 01 00 47
 07 00 ff 10 00 43 02 02 0f ff 16 21 02 03 09 06 01 00 20 07
 00 ff 12 08 e9 02 02 0f ff 16 23 02 03 09 06 01 00 34 07 00
 ff 12 08 dc 02 02 0f ff 16 23 02 03 09 06 01 00 48 07 00 ff
 12 08 e4 02 02 0f ff 16 23 7c 9e 7e 7e a0
['Sun, 28 November 2021 20:07:55']
 7e a0 2a 41 08 83 13 04 13 e6 e7 00 0f 40 00 00 00 00 01 01
 02 03 09 06 01 00 01 07 00 ff 06 00 00 08 f4 02 02 0f 00 16
 1b 35 f2 7e 7e a0 2a 41 08 83 13 04 13 e6 e7 00 0f 40 00 00
 00 00 01 01 02 03 09 06 01 00 01 07 00 ff 06 00 00 09 21 02
 02 0f 00 16 1b fb 77 7e
['Sun, 28 November 2021 20:07:58']
 7e a0 2a 41 08 83 13 04 13 e6 e7 00 0f 40 00 00 00 00 01 01
 02 03 09 06 01 00 01 07 00 ff 06 00 00 09 21 02 02 0f 00 16
 1b fb 77 7e
['Sun, 28 November 2021 20:08:01']
 7e a1 0b 41 08 83 13 fa 7c e6 e7 00 0f 40 00 00 00 00 01 0c
 02 02 09 06 01 01 00 02 81 ff 0a 0b 41 49 44 4f 4e 5f 56 30
 30 30 31 02 02 09 06 00 00 60 01 00 ff 0a 10 37 33 35 39 39
 39 32 39 30 35 34 37 38 33 36 32 02 02 09 06 00 00 60 01 07
 ff 0a 04 36 35 32 35 02 03 09 06 01 00 01 07 00 ff 06 00 00
 0f d9 02 02 0f 00 16 1b 02 03 09 06 01 00 02 07 00 ff 06 00
 00 00 00 02 02 0f 00 16 1b 02 03 09 06 01 00 03 07 00 ff 06
 00 00 00 00 02 02 0f 00 16 1d 02 03 09 06 01 00 04 07 00 ff
 06 00 00 01 74 02 02 0f 00 16 1d 02 03 09 06 01 00 1f 07 00
 ff 10 00 2a 02 02 0f ff 16 21 02 03 09 06 01 00 47 07 00 ff
 10 00 43 02 02 0f ff 16 21 02 03 09 06 01 00 20 07 00 ff 12
 08 ed 02 02 0f ff 16 23 02 03 09 06 01 00 34 07 00 ff 12 08
 e1 02 02 0f ff 16 23 02 03 09 06 01 00 48 07 00 ff 12 08 e8
 02 02 0f ff 16 23 5b 3e 7e
['Sun, 28 November 2021 20:08:03']
 7e a0 2a 41 08 83 13 04 13 e6 e7 00 0f 40 00 00 00 00 01 01
 02 03 09 06 01 00 01 07 00 ff 06 00 00 09 30 02 02 0f 00 16
 1b e7 5d 7e
['Sun, 28 November 2021 20:08:07']
 7e a0 2a 41 08 83 13 04 13 e6 e7 00 0f 40 00 00 00 00 01 01
 02 03 09 06 01 00 01 07 00 ff 06 00 00 09 2b 02 02 0f 00 16
 1b ac 9e 7e 7e a0 2a 41 08 83 13 04 13 e6 e7
