7e a0 2a 41 08 83 13 04 13 e6 e7 00 0f 40 00 00 00 00 
    01 01 02 03 09 06 01 00 01 07 00 ff 06 00 00 05 ce 02 02 0f 00 16 1b f5 77 7e 
7e a0 2a 41 08 83 13 04 13 e6 e7 00 0f 40 00 00 00 00 
    01 01 02 03 09 06 01 00 01 07 00 ff 06 00 00 05 cf 02 02 0f 00 16 1b 20 e8 7e 
7e a0 2a 41 08 83 13 04 13 e6 e7 00 0f 40 00 00 00 00 
    01 01 02 03 09 06 01 00 01 07 00 ff 06 00 00 05 d2 02 02 0f 00 16 1b a6 73 7e 
7e a1 0b 41 08 83 13 fa 7c e6 e7 00 0f 40 00 00 00 00 
    01 0c 02 02 09 06 01 01 00 02 81 ff 0a 0b 41 49 44 4f 4e
5f 56 30 30 30 31 02 02 09 06 00 00 60 01 00 ff 0a 10 37 33 35 39 39 39 32 39 30 35 34 37 38 33
36 32 02 02 09 06 00 00 60 01 07 ff 0a 04 36 35 32 35 02 03 09 06 01 00 01 07 00 ff 06 00 00 05
e5 02 02 0f 00 16 1b 02 03 09 06 01 00 02 07 00 ff 06 00 00 00 00 02 02 0f 00 16 1b 02 03 09 06
01 00 03 07 00 ff 06 00 00 00 00 02 02 0f 00 16 1d 02 03 09 06 01 00 04 07 00 ff 06 00 00 01 80
02 02 0f 00 16 1d 02 03 09 06 01 00 1f 07 00 ff 10 00 34 02 02 0f ff 16 21 02 03 09 06 01 00 47
07 00 ff 10 00 21 02 02 0f ff 16 21 02 03 09 06 01 00 20 07 00 ff 12 08 eb 02 02 0f ff 16 23 02
03 09 06 01 00 34 07 00 ff 12 08 e3 02 02 0f ff 16 23 02 03 09 06 01 00 48 07 00 ff 12 08 f9 02
02 0f ff 16 23 e0 42 7e 
7e a0 2a 41 08 83 13 04 13 e6 e7 00 0f 40 00 00 00 00 
    01 01 02 03 09 06 01 00 01 07 00 ff 06 00 00 05 d6 02 02 0f 00 16 1b d0 1c 7e 
7e a0 2a 41 08 83 13 04 13 e6 e7 00 0f 40 00 00 00 00 
    01 01 02 03 09 06 01 00 01 07 00 ff 06 00 00 05 d9 02 02 0f 00 16 1b 24 05 7e
7e a0 2a 41 08 83 13 04 13 e6 e7 00 0f 40 00 00 00 00 
01 01 02 03 09 06 01 00 01 07 00 ff 06 00 00 05 d1 02 02 0f 00 16 1b c8 db 7e 
7e a1 0b 41 08 83 13 fa 7c e6 e7 00 0f 40 00 00 00 00 
    01 0c 02 02 09 06 01 01 00 02 81 ff 0a 0b 41 49 44 4f 4e 5f 56 30 30 30 31 02 02 09 06 00 00 60 01 00
ff 0a 10 37 33 35 39 39 39 32 39 30 35 34 37 38 33 36 32 02 02 09 06 00 00 60 01 07 ff 0a 04 36
35 32 35 02 03 09 06 01 00 01 07 00 ff 06 00 00 05 d1 02 02 0f 00 16 1b 02 03 09 06 01 00 02 07
00 ff 06 00 00 00 00 02 02 0f 00 16 1b 02 03 09 06 01 00 03 07 00 ff 06 00 00 00 00 02 02 0f 00
16 1d 02 03 09 06 01 00 04 07 00 ff 06 00 00 01 82 02 02 0f 00 16 1d 02 03 09 06 01 00 1f 07 00
ff 10 00 34 02 02 0f ff 16 21 02 03 09 06 01 00 47 07 00 ff 10 00 21 02 02 0f ff 16 21 02 03 09
06 01 00 20 07 00 ff 12 08 e9 02 02 0f ff 16 23 02 03 09 06 01 00 34 07 00 ff 12 08 e5 02 02 0f
ff 16 23 02 03 09 06 01 00 48 07 00 ff 12 08 f7 02 02 0f ff 16 23 58 12 7e 
7e a0 2a 41 08 83 13 04 13 e6 e7 00 0f 40 00 00 00 00 
    01 01 02 03 09 06 01 00 01 07 00 ff 06 00 00 05 d6 02 02 0f 00
16 1b d0 1c 7e 
7e a0 2a 41 08 83 13 04 13 e6 e7 00 0f 40 00 00 00 00 
    01 01 02 03 09 06 01 00 01
07 00 ff 06 00 00 05 d6 02 02 0f 00 16 1b d0 1c 7e 
7e a0 2a 41 08 83 13 04 13 e6 e7 00 0f 40 00 00 00 00 
    01 01 02 03 09 06 01 00 01 07 00 ff 06 00 00 05 d2 02 02 0f 00 16 1b a6 73 7e 
7e a1 0b 41 08 83 13 fa 7c e6 e7 00 0f 40 00 00 00 00 
    01 0c 
          02 02 
                09 06 
                      01 01 00 02 81 ff 
                0a 0b 
                      41 49 44 4f 4e 5f 56 30 30 30 31 
          02 02 
                09 06 
                      00 00 60 01 00 ff 
                0a 10 
                      37 33 35 39 39 39 32 39 30 35 34 37 38 33 36 32 
          02 02 
                09 06 
                      00 00 60 01 07 ff 
                0a 04 
                      36 35 32 35 
          02 03 
                09 06 
                      01 00 01 07 00 ff // Active power - (Q2+Q3), kW
                06 
                      00 00 05 d7       // 
                02 
                      02 0f 00 16 1b    // 
          02 03 
                09 06 
                      01 00 02 07 00 ff 
                06 
                      00 00 00 00 
                02 
                      02 0f 00 16 1b 
          02 03 
                09 06 
                      01 00 03 07 00 ff 
                06 
                      00 00 00 00 
                02 
                      02 0f 00 16 1d 
          02 03 
                09 06 
                      01 00 04 07 00 ff
                06 
                      00 00 01 7c 
                02 
                      02 0f 00 16 1d 
          02 03 
                09 06 
                      01 00 1f 07 00 ff 
                10 
                      00 35 02 02 0f ff 16 21 02 03 09 06 01
00 47 07 00 ff 10 00 21 02 02 0f ff 16 21 02 03 09 06 01 00 20 07 00 ff 12 08 ea 02 02 0f ff 16
23 02 03 09 06 01 00 34 07 00 ff 12 08 e3 02 02 0f ff 16 23 02 03 09 06 01 00 48 07 00 ff 12 08
f6 02 02 0f ff 16 23 17 63 7e 
7e a0 2a 41 08 83 13 04 13 e6 e7 00 0f 40 00 00 00 00 
    01 01 02 03 09 06 01 00 01 07 00 ff 06 00 00 05 d9 02 02 0f 00 16 1b 24 05 7e 
7e a0 2a 41 08 83 13 04 13 e6 e7 00 0f 40 00 00 00 00 
    01 01 02 03 09 06 01 00 01 07 00 ff 06 00 00 05 d0 02 02 0f 00 16 1b 1d
44 7e 
7e a0 2a 41 08 83 13 04 13 e6 e7 00 0f 40 00 00 00 00 
    01 01 02 03 09 06 01 00 01 07 00 ff 06 00 00 05 d0 02 02 0f 00 16 1b 1d 44 7e 
7e a1 0b 41 08 83 13 fa 7c e6 e7 00 0f 40 00 00 00 00
    01 0c 02 02 09 06 01 01 00 02 81 ff 0a 0b 41 49 44 4f 4e 5f 56 30 30 30 31 02 02 09 06 00 00 60
01 00 ff 0a 10 37 33 35 39 39 39 32 39 30 35 34 37 38 33 36 32 02 02 09 06 00 00 60 01 07 ff 0a
04 36 35 32 35 02 03 09 06 01 00 01 07 00 ff 06 00 00 05 d3 02 02 0f 00 16 1b 02 03 09 06 01 00
02 07 00 ff 06 00 00 00 00 02 02 0f 00 16 1b 02 03 09 06 01 00 03 07 00 ff 06 00 00 00 00 02 02
0f 00 16 1d 02 03 09 06 01 00 04 07 00 ff 06 00 00 01 86 02 02 0f 00 16 1d 02 03 09 06 01 00 1f
07 00 ff 10 00 34 02 02 0f ff 16 21 02 03 09 06 01 00 47 07 00 ff 10 00 21 02 02 0f ff 16 21 02
03 09 06 01 00 20 07 00 ff 12 08 ed 02 02 0f ff 16 23 02 03 09 06 01 00 34 07 00 ff 12 08 e4 02
02 0f ff 16 23 02 03 09 06 01 00 48 07 00 ff 12 08 f8 02 02 0f ff 16 23 06 4f 7e 
7e a0 2a 41 08 83 13 04 13 e6 e7 00 0f 40 00 00 00 00 
    01 01 02 03 09 06 01 00 01 07 00 ff 06 00 00 05 d0 02 02 0f 00 16 1b 1d 44 7e 
7e a0 2a 41 08 83 13 04 13 e6 e7 00 0f 40 00 00 00 00 
    01 01 02 03 09 06 01 00 01 07 00 ff 06 00 00 05 d0 02 02 0f 00 16 1b 1d 44 7e 
7e a0 2a 41 08 83 13 04 13 e6 e7 00 0f 40 00 00 00 00 
01 01 02 03 09 06 01 00 01 07 00 ff 06 00 00 05 cf 02 02 0f 00 16 1b 20 e8 7e