00 7E 
7E 
81 A9 |FrameType (4 bits=),1 Segmentation bit,Length (11 bits) (0b1000|_0|001 0b1010_1001=FrameType=0b1010,Segment=0b0,length=0b001_1010_1001)
16 09 D8 70 | destination adress |
62 82 13 E6 | sorce adress |
E7 | control |
01 7A | HSC |
08 1A 40 80 00 00 02 01 02 03 09 06 01 00 01 07 00 FF 06 00 00 0C 2B 02 02 0F 00 16 1B 
CD 09 | FSC |
7E

7E 
85 0B | FrameType = 8, s=0, l=91 byte
41 21 1B 6E | destination adress |
4C F1 33 E7 | sorce adress |
01 | control |
7A 08 | HSCA |
1A 40 80 00 00 01 0C 02 02 09 06 01 01 00 02 81 FF 
0A | visible string | 
0B | lengde 11 byte |
41 49 44 4F 4E 5F 56 30 30 30 31 | A I D O N _ V 0 0 0 1 |
02 02 09 | OBIS versjons kode 2.2.9 ?
06 00 00 60 01 00 FF | 6 0 0 96 1 0 -1, AIDON_V0001 versjon?? |
0A | visible string |
    10 | lengde 16 byte |
        37 33 35 39 39 39 32 39 30 35 34 37 38 33 36 32 | 7 3 5 9 9 9 2 9 0 5 4 7 8 3 6 2 | Aidon id i Ospestien 51
02 02 09
06 00 00 60 01 07 FF | 6 0 0 96 7 -1, AIDON_V0001 versjon?? |
0A | visible string |
    04 | lengde 04 |
        36 35 32 35 | "6 7 2 5" , AIDON_V0001 type nummer | 
02 03 09 06 01 00 01 07
00 FF 06 00 00 0C 31 02 02 0F 00 16 1B 02 03 09 06 01 00 02 07 00 FF 06
00 FC | FSC |

7E 
81 A9 | FrameType ......
16 09 D8 70 62 82 13 E6 E7 01 7A 08 1A 40 80 00 00 01 01
02 03 09 06 01 00 01 07 00 FE 19 06 08 30 50 77 60 60 10 60 B1 43 4A 95
7F 7E 
81 A9 | FrameType ......
16 09 D8 70 62 82 13 E6 E7 01 7A 08 1A 40 80 00 00 02 01 02
03 09 06 01 00 01 07 00 FF 06 00 00 0C 37 02 02 0F 00 16 1B 9E 0D 7E 
7E
81 A9 | FrameType .....
16 09 D8 70 62 82 13 E6 E7 01 7A 08 1A 40 80 00 00 01 01 02 03 09
06 01 00 01 07 00 FF 06 01 02 88 10 99 70 60 10 60 B1 43 F5 EF 7E 
7E 
85 0B | FrameType .....
41 21 1B 6E 4C F1 33 E7 00 0F 40 00 00 00 00 01 0C 02 02 09 06 05 0B
0C 90 60 A0 29 FE 2C F6 69 B3 4F 4E 5F 56 30 30 30 31 02 02 09 06 00 00
60 01 00 FF
0A | visible string |
10 | length 16 byte |
37 33 35 39 39 39 32 39 30 35 34 37 38 33 36 32 | 7 3 5 9 9 9 2 9 0 5 4 7 8 3 6 2 | Aidon id i Ospestien 51
02 02 09 06 00 00 60 01 07 FF 
0A 
04 
36 35 32 35 | 6 5 2 5 | Aison type måler | 
02 03 09 06 01 00 01 07 00 FF
06 00 00 0C 32 02 02 0F 00 16 1B 02 03 09 06 01 00 02 07 80 FF 06 00 FC
7E 
81 A9 | FrameType .....
16 09 D8 70 62 82 13 E6 E7 01 7A 08 1A 40 80 00 00 02 01 02 03
09 06 01 00 01 07 00 FF 06 00 00 0C 40 02 02 0F 00 16 1B CA DB 7E 
7E 
81 A9 | FrameType .....
16 09 D8 70 62 C3 13 E6 E7 01 7A 08 1A 40 80 00 00 02 01 02 03 09 06
01 00 01 07 00 FF 06 00 00 0C 2F 02 02 0F 00 16 1B BB 66 7E 
7E 
81 A9 | FrameType .....
16 09 D8 70 62 82 13 E6 E7 00 1E 01 03 08 10 40 80 01 01 02 03 25 32 28 18
40 C0 30 C0 19 06 08 30 90 23 60 60 10 60 B1 43 49 72 FE 
7E 
85 0B | FrameType .....
41 21 1B 6E 4C F1 33 E7 01 7A 08 1A 40 80 00 00 01 0C 02 02 09 06
01 01 00 02 81 FF | OBIS List version identifier |
0A | visible text |
    0B | lengde 13 byte |
        41 25 23 7A 73 FA B2 82 04 04 14 26 DC | A % # Z S Ù ^2 
B0 C3 03 00 00 60 01
00 FF 0A 10 37 33 35 39 39 39 32 39 30 35 34 37 38 33 36 32 02 02 09 06
00 00 60 01 07 FF 0A 04 36 35 32 35 02 03 09 06 01 00 01 07 00 FF 06 00
00 0C 36 02 02 0F 00 16 1B 02 03 09 06 01 00 02 07 00 FF 06 00 F8 
7E
81 A9 | FrameType .....
16 09 D8 70 62 82 13 E6 E7 01 7A 08 1A 40 80 00 00 01 01 02 03 09 06
01 00 01 07 00 FF 06 00 00 0C 33 02 02 0F 00 16 1B E8 62 7E 
7E 
81 A9 | FrameType .....
16 09 D8 70 62 82 13 E6 E7 00 0F 40 00 00 00 00 01 01 02 03 25 32 28 18 40
C0 30 C0 19 06 08 30 10 67 60 60 10 60 B1 43 38 59 FE 
7E 
81 A9 | FrameType .....
16 09 D8 70 62 82 13 E6 E7 00 0F 40 00 00 00 00 01 01 02 03 09 06 01 00 01 07 00
FF 06 00 00 0C 30 02 02 0F 00 16 1B 86 CA 7E 
7E 
85 0B | FrameType .....
41 21 1B 6E 4C F1 33 E7 01 7A 08 1A 40 80 00 00 01 0C 02 02 09 06 01 01 00 02 81 FF 0A 0B
41 25 23 7A 73 FA B2 82 04 04 14 26 DC B0 C3 03 00 00 60 01 00 FF 0A 10
37 33 35 39 39 39 32 39 30 35 34 37 38 33 36 32 02 02 09 06 00 00 60 01
07 FF 0A 04 36 35 32 35 02 03 09 06 01 00 01 07 00 FF 06 00 00 0C 2B 02
02 0F 00 16 1B 02 03 09 06 01 00 02 07 80 FF 06 00 FC 
7E 
81 A9 
16 09 D8 70 62 82 13 E6 E7 01 7A 08 1A 40 80 00 00 02 01 02 03 09 06 01 00 01 07
00 FF 06 00 00 0C 29 02 02 0F 00 16 1B 76 3E 7E 
7E 
81 A9 
16 09 D8 70 62 82 13 E6 E7 01 7A 08 1A 40 80 00 00 01 01 02 03 09 06 01 00 01 07 00 FF
06 00 00 0C 2D 02 02 0F 00 16 1B 00 51 7E 
7E 
81 A9 
16 09 D8 70 62 82 13 E6 E7 01 7A 08 1A 40 80 00 00 01 01 02 03 09 06 01 00 01 07 00 FF 06 00
00 0C 2B 02 02 0F 00 16 1B CD 09 7E 
7E 
85 0B 
41 21 1B 6E 4C F1 33 E7 01 7A 08 1A 40 80 00 00 02 0C 02 02 09 06 01 01 00 02 81 FF 0A 0B 41 49 44
4F 4E 5F 56 30 30 30 31 02 02 09 06 00 00 60 01 00 FF 0A 10 37 33 35 39
39 39 32 39 30 35 34 37 38 33 36 32 02 02 09 06 00 00 60 01 07 FF 0A 04
36 35 32 35 02 03 09 06 01 00 01 07 00 FF 06 00 00 0C 2A 02 02 0F 00 16
1B 02 03 09 06 01 00 02 07 80 FF 06 00 FC 
7E 
81 A9 
16 09 D8 70 62 82 13 E6 E7 01 7A 08 1A 40 80 00 00 02 01 02 03 25 32 28 18 40 C0 30 C0 19 06
08 30 90 91 70 60 10 60 B1 43 5B F9 FE 7E 
81 A9 16 09 D8 70 62 82 13 E6
E7 01 7A 08 1A 40 80 00 00 01 01 02 03 09 06 01 00 01 07 00 FF 06 00 00
0C 2F 02 02 0F 00 16 1B BB 66 7E 
7E 81 A9 16 09 D8 70 62 82 13 E6 E7 01
7A 08 1A 40 80 00 00 02 01 02 03 09 06 01 00 01 07 00 FF 06 00 00 0C 2F
02 02 0F 00 16 1B BB 66 7E 
7E 85 0B 41 21 1B 6E 4C F1 33 E7 01 7A 08 1A
40 80 00 00 02 0C 09 13 2C 90 A0 E0 C0 00 02 81 FF 0A 0B 41 49 44 4F 4E
5F 56 30 30 30 31 02 02 09 06 00 00 60 01 00 FF 0A 10 37 33 35 39 39 39
32 39 30 35 34 37 38 33 36 32 02 02 09 06 00 00 60 01 07 FF 0A 04 36 35
32 35 02 03 09 06 01 00 01 07 00 FF 06 00 00 0C 32 02 02 0F 00 16 1B 02
03 09 06 01 00 02 07 00 FF 06 00 FC 7E 
81 A9 16 09 D8 70 62 82 13 E6 E7
01 7A 08 1A 40 80 00 00 02 01 02 03 09 06 01 00 01 07 00 FF 06 00 00 0C
32 02 02 0F 00 16 1B 3D FD 7E 
7E 81 A9 16 09 D8 70 62 82 13 E6 E7 00 0F
40 00 00 00 00 02 01 02 03 25 32 28 18 40 C0 30 C0 19 06 08 30 D0 22 60
60 10 60 B1 43 35 FF 3F 7E 
81 A9 16 09 D8 70 62 82 13 E6 E7 00 0F 01 03
08 10 40 80 01 01 02 03 25 32 28 18 40 C0 30 C0 19 06 08 30 10 67 60 60
10 60 B1 43 38 59 FE 7E 
85 0B 41 21 1B 6E 4C F1 33 E7 01 7A 08 1A 40 80
00 00 01 0C 02 02 09 06 01 01 00 02 81 FF 0A 0B 41 49 44 4F 4E 7D B2 09
04 04 14 26 DC B0 C3 03 00 00 60 01 00 FF 0A 10 37 33 35 39 39 39 32 39
30 35 34 37 38 33 36 32 02 02 09 06 00 00 60 01 07 FF 0A 04 36 35 32 35
02 03 09 06 01 00 01 07 00 FF 06 00 00 0C 2E 02 02 0F 00 16 1B 02 03 09
06 01 00 02 07 80 FF 06 00 FC 7E 
81 A9 16 09 D8 70 62 82 13 E6 E7 01 7A
08 1A 40 80 00 00 02 01 02 03 09 06 01 00 01 07 00 FF 06 00 00 0C 34 02
02 0F 00 16 1B F0 A5 7E 
7E 81 A9 16 09 D8 70 62 82 13 E6 E7 01 7A 08 1A
40 80 00 00 01 01 02 03 09 06 01 00 01 07 00 FE 19 06 08 30 50 77 60 60
10 60 B1 43 4A 95 7F 7E 
81 A9 16 09 D8 70 62 82 13 E6 E7 01 7A 08 1A 40
80 00 00 01 01 02 03 09 06 01 00 01 07 00 FF 06 00 00 0C 36 02 02 0F 00
16 1B 4B 92 7E 
7E 85 0B 41 21 1B 6E 4C F1 33 E7 01 7A 08 1A 40 80 00 00
01 0C 02 02 09 06 01 01 00 02 81 FF 0A 2D 0B 29 1A A4 9A D2 C9 09 04 04
14 26 DC B0 C3 03 00 00 60 01 00 FF 0A 10 37 33 35 39 39 39 32 39 30 35
34 37 38 33 36 32 02 02 09 06 00 00 60 01 07 FF 0A 04 36 35 32 35 02 03
09 06 01 00 01 07 00 FF 06 00 00 0C 48 02 02 0F 00 16 1B 02 03 09 06 01
00 C2 07 F0 19 06 FE 7E 
81 A9 16 09 D8 70 62 82 13 E6 E7 01 7A 08 1A 40
80 00 00 02 01 02 03 09 06 01 00 01 07 00 FF 06 00 00 0C 4A 02 02 0F 00
16 1B 9D 32 7E 
7E 81 A9 16 09 D8 70 62 82 13 E6 E7 01 7A 08 1A 40 80 00
00 01 01 02 03 09 06 01 00 01 07 00 FF 06 00 00 0C A1 02 02 0F 00 16 1B
87 66 7E 
7E 81 A9 16 09 D8 70 62 82 13 E6 E7 01 7A 08 1A 40 80 00 00 01
01 02 03 09 06 01 00 01 07 00 FF 06 00 00 0C 4F 02 02 0F 00 16 1B 3E C2
7E 
7E 85 0B 41 21 1B 6E 4C F1 33 E7 01 7A 08 1A 40 80 00 00 02 0C 09 13
2C 90 A0 C0 C0 00 02 81 FF 0A 0B 41 49 44 4F 4E 5F 56 30 30 30 31 02 02
09 06 00 00 60 01 00 FF 0A 10 37 33 35 39 39 39 32 39 30 35 34 37 38 33
36 32 02 02 09 06 00 00 60 01 07 FF 0A 04 36 35 32 35 02 03 09 06 01 00
01 07 00 FF 06 00 00 0C 4F 02 02 0F 00 16 1B 02 03 09 06 01 00 02 07 00
FF 06 00 C0 7E 
81 A9 16 09 D8 70 62 C3 13 E6 E7 01 7A 08 1A 40 80 00 00
02 01 02 03 25 32 28 18 40 C0 30 C0 19 06 08 30 D0 92 70 60 10 60 B1 43
B6 AD 7E 
7E 81 A9 16 09 D8 70 62 C3 13 E6 E7 01 7A 08 1A 40 80 00 00 02
01 02 03 25 32 28 18 40 C0 30 C0 19 06 08 30 90 7E 60 60 10 60 B1 43 7E
9C FE 7E 
81 A9 16 09 D8 70 62 82 13 E6 E7 01 7A 08 1A 40 80 00 00 01 01
02 03 09 06 01 00 01 07 00 FF 06 00 00 0C 5A 02 02 0F 00 16 1B 54 87 7E

7E 85 0B 41 21 1B 6E 4C F1 33 E7 01 7A 08 1A 40 80 00 00 01 0C 02 02 09
06 01 01 00 02 81 FF 0A 0B 41 49 44 4F 4E 7D B2 09 04 04 14 26 DC B0 C3
03 00 00 60 01 00 FF 0A 10 37 33 35 39 39 39 32 39 30 35 34 37 38 33 36
32 02 02 09 06 00 00 60 01 07 FF 0A 04 36 35 32 35 02 03 09 06 01 00 01
07 00 FF 06 00 00 0C 57 02 02 0F 00 16 1B 02 03 09 06 01 00 02 07 00 FF
06 00 F0 
7E 81 A9 16 09 D8 70 62 82 13 E6 E7 01 7A 08 1A 40 80 00 00 01
01 02 03 09 06 01 00 01 07 00 FF 06 00 00 0C 57 02 02 0F 00 16 1B 1B A9
7E 
7E 81 A9 16 09 D8 70 62 82 13 E6 E7 01 7A 08 1A 40 80 00 00 01 01 02
03 09 06 01 00 01 07 00 FF 06 01 02 88 D0 35 60 60 10 60 B1 43 43 AA 7F
7E 81 A9 16 09 D8 70 62 82 13 E6 E7 01 7A 08 1A 40 80 00 00 01 01 02 03
09 06 01 00 01 07 00 FF 06 01 02 88 50 25 60 60 10 60 B1 43 F8 9E 7E 
7E
85 0B 41 21 1B 6E 4C F1 33 E7 00 0F 40 00 00 00 00 01 0C 09 13 2C 90 A0
C0 C0 00 02 81 FF 0A 0B 41 49 44 4F 4E 5F 56 30 30 30 31 02 02 09 06 00
00 60 01 00 FF 0A 10 37 33 35 39 39 39 32 39 30 35 34 37 38 33 36 32 02
02 09 06 00 00 60 01 07 FF 0A 04 36 35 32 35 02 03 09 06 01 00 01 07 00
FF 06 00 00 0C 52 02 02 0F 00 16 1B 02 03 09 06 01 00 02 07 00 FF 06 00
FC 7E 
81 A9 16 09 D8 70 62 82 13 E6 E7 00 0F 01 03 08 10 40 80 C0 C0 82
03 25 32 28 18 40 C0 30 C0 19 06 08 30 90 7F 60 60 10 60 B1 43 FE 59 7E

7E 81 A9 16 09 D8 70 62 82 13 E6 E7 01 7A 08 1A 40 80 00 00 02 01 02 03
09 06 01 00 01 07 00 FF 06 00 00 0C 51 02 02 0F 00 16 1B D6 F1 7E 
7E 81
A9 16 09 D8 70 62 82 13 E6 E7 01 7A 08 1A 40 80 00 00 01 01 02 03 09 06
01 00 01 07 00 FF 06 00 00 0C 50 02 02 0F 00 16 1B 03 6E 7E 
7E 85 0B 41
21 1B 6E 4C F1 33 E7 01 7A 08 1A 40 80 00 00 02 0C 02 02 09 06 01 01 00
02 81 FF 0A 0B 41 49 44 4F 4E 5F 56 30 30 30 31 02 02 09 06 00 00 60 01
00 FF 0A 10 37 33 35 39 39 39 32 39 30 35 34 37 38 33 36 32 02 02 09 06
00 00 60 01 07 FF 0A 04 36 35 32 35 02 03 09 06 01 00 01 07 00 FF 06 00
00 0C 50 02 02 0F 00 16 1B 02 03 09 06 01 00 C2 07 F0 19 06 FE 7E