7E A1 0B 41 08 83 13 FA 7C E6 E7 00 0F 40 00 00 00 00 01 
0C 02 02 
	09 06 01 01 00 02 81 FF 
		0A = clair text
			0B = 11 byte
			41 49 44 4F 4E 5F 56 30 30 30 31 
				02 02 
	09 06 00 00 60 01 00 FF 
		0A 
			10 = 16 byte
			37 33 35 39 39 39 32 39 30 35 34 37 38 33 36 32 
				02 02 
	09 06 00 00 60 01 07 FF 
		0A 
			04 = 4 byte
			36 35 32 35 
				02 03 
	09 06 01 00 01 07 00 FF 
		06 00 00 04 78 02 02 0F 00 16 1B 
				02 03 
	09 06 01 00 02 07 00 FF 
		06 00 00 00 00 02 02 0F 00 16 1B 
				02 03 
	09 06 01 00 03 07 00 FF 
		06 00 00 00 00 02 02 0F 00 16 1D 
				02 03 
	09 06 01 00 04 07 00 FF 
		06 00 00 00 EA 02 02 0F 00 16 1D 
				02 03 
	09 06 01 00 1F 07 00 FF 
		10 00 25 02 02 0F FF 16 21 
				02 03 
	09 06 01 00 47 07 00 FF 
		10 00 17 02 02 0F FF 16 21 
				02 03 
	09 06 01 00 20 07 00 FF 
		12 09 14 02 02 0F FF 16 23 
				02 03 
	09 06 01 00 34 07 00 FF 
		12 09 1A 02 02 0F FF 16 23 
				02 03 
	09 06 01 00 48 07 00 FF 
		12 09 0E 02 02 0F FF 16 23 
20 85 7E

7E A0 2A 41 08 83 13 04 13 E6 E7 00 0F 40 00 00 00 00 01 
01 02 03 
	09 06 01 00 01 07 00 FF 
		06 00 00 04 78 02 02 0F 00 16 1B 
D0 FE 7E
